# Weber-f modular polynomial Phi_163^f(X,Y); r=q^(1/48).
164 0 1
0 164 1
163 19 -1376209
19 163 -1376209
163 43 5969060
43 163 5969060
163 67 -2241576
67 163 -2241576
163 91 232601
91 163 232601
163 115 -9454
115 163 -9454
163 139 163
139 163 163
163 163 -1
162 14 479655699
14 162 479655699
162 38 344810911984
38 162 344810911984
162 62 1156829034972
62 162 1156829034972
162 86 294805931072
86 162 294805931072
162 110 10222013131
110 162 10222013131
162 134 44322634
134 162 44322634
162 158 4238
158 162 4238
161 9 -1776168131
9 161 -1776168131
161 33 286066769256931
33 161 286066769256931
161 57 -5923408726962217
57 161 -5923408726962217
161 81 1942308664006743
81 161 1942308664006743
161 105 -44879856749914
105 161 -44879856749914
161 129 150610218899
129 161 150610218899
161 153 -6181123
153 161 -6181123
160 4 51863666
4 160 51863666
160 28 20135812777752020
28 160 20135812777752020
160 52 2389156695901200113
52 160 2389156695901200113
160 76 312848100012030649
76 160 312848100012030649
160 100 -7840456724191278
100 160 -7840456724191278
160 124 59437849501698
124 160 59437849501698
160 148 3529656279
148 160 3529656279
159 23 198390964483714340
23 159 198390964483714340
159 47 -197138313554675918667
47 159 -197138313554675918667
159 71 6753741081053340905
71 159 6753741081053340905
159 95 -634530970295313628
95 159 -634530970295313628
159 119 6926949860559015
119 159 6926949860559015
159 143 -581045714179
143 159 -581045714179
158 18 302819084271286777
18 158 302819084271286777
158 42 5200411869505359270816
42 158 5200411869505359270816
158 66 173608967680489539973
66 158 173608967680489539973
158 90 -21649955001358454511
90 158 -21649955001358454511
158 114 397051599425524677
114 158 397051599425524677
158 138 -36370895169785
138 158 -36370895169785
157 13 56097777222300626
13 157 56097777222300626
157 37 -53941959871049058730756
37 157 -53941959871049058730756
157 61 -253493343168420858223
61 157 -253493343168420858223
157 85 -339576587862975111004
85 157 -339576587862975111004
157 109 12504358902028780648
109 157 12504358902028780648
157 133 2692518874188835
133 157 2692518874188835
157 157 281388367
156 8 591163583709089
8 156 591163583709089
156 32 235734874630265655221326
32 156 235734874630265655221326
156 56 -53294953387197887782365
56 156 -53294953387197887782365
156 80 -2531160811800243810602
80 156 -2531160811800243810602
156 104 251337217179781874469
104 156 251337217179781874469
156 128 273891967106267810
128 156 273891967106267810
156 152 574474850844
152 156 574474850844
155 3 14209345048
3 155 14209345048
155 27 -421945887895450208331102
27 155 -421945887895450208331102
155 51 793895676127503698649650
51 155 793895676127503698649650
155 75 -36280044085227439109412
75 155 -36280044085227439109412
155 99 3846623781944284640137
99 155 3846623781944284640137
155 123 8536831349031366027
123 155 8536831349031366027
155 147 165296621297719
147 155 165296621297719
154 22 267904443582584830720684
22 154 267904443582584830720684
154 46 -1245157443832959721738700
46 154 -1245157443832959721738700
154 70 -16121312809819265020166
70 154 -16121312809819265020166
154 94 46175571348965140400285
94 154 46175571348965140400285
154 118 128271906279850265387
118 154 128271906279850265387
154 142 16239987740629364
142 154 16239987740629364
153 17 -43291671825721545196131
17 153 -43291671825721545196131
153 41 -8728804253159797178827281
41 153 -8728804253159797178827281
153 65 -2880357418648670386733321
65 153 -2880357418648670386733321
153 89 500620071027712307277954
89 153 500620071027712307277954
153 113 1217905411045069947201
113 153 1217905411045069947201
153 137 828583647363758680
137 153 828583647363758680
152 12 881977267735621224141
12 152 881977267735621224141
152 36 39189452325065238161847713
36 152 39189452325065238161847713
152 60 -25946115036895566131878357
60 152 -25946115036895566131878357
152 84 3820622458509916721054875
84 152 3820622458509916721054875
152 108 11468343285417925606717
108 152 11468343285417925606717
152 132 24749081903462016176
132 152 24749081903462016176
151 7 -448782217778405008
7 151 -448782217778405008
151 31 -20170605618663939592616832
31 151 -20170605618663939592616832
151 55 -24800379336016884856213885
55 151 -24800379336016884856213885
151 79 24701372155729170535742670
79 151 24701372155729170535742670
151 103 33941662474579299647736
103 151 33941662474579299647736
151 127 440126388094758334060
127 151 440126388094758334060
151 151 -111095145611337
150 2 30697964736
2 150 30697964736
150 26 52395356130520033794632106
26 150 52395356130520033794632106
150 50 141238487403688194012803445
50 150 141238487403688194012803445
150 74 176164278044257690863552969
74 150 176164278044257690863552969
150 98 -491448721484940863056247
98 150 -491448721484940863056247
150 122 5840502161541371701787
122 150 5840502161541371701787
150 146 -15057169372414200
146 150 -15057169372414200
149 21 94544449635386878267288620
21 149 94544449635386878267288620
149 45 -1080268730008076926966010607
45 149 -1080268730008076926966010607
149 69 1102873847133952522636252422
69 149 1102873847133952522636252422
149 93 -7944607791049365574892494
93 149 -7944607791049365574892494
149 117 73502315192690543115002
117 149 73502315192690543115002
149 141 -1506142418527785151
141 149 -1506142418527785151
148 16 28856507198187776230171658
16 148 28856507198187776230171658
148 40 -3110233451794974969799653614
40 148 -3110233451794974969799653614
148 64 4997389192763531960064587889
64 148 4997389192763531960064587889
148 88 -60758722621800884663280485
88 148 -60758722621800884663280485
148 112 664312851247072827428905
112 148 664312851247072827428905
148 136 -91521624780732434059
136 148 -91521624780732434059
147 11 346333374605772361569048
11 147 346333374605772361569048
147 35 -6792989256912223442734174614
35 147 -6792989256912223442734174614
147 59 19308043663153862591484714978
59 147 19308043663153862591484714978
147 83 -482536458762102713000020924
83 147 -482536458762102713000020924
147 107 5991908375030033257811200
107 147 5991908375030033257811200
147 131 -2503560465110934813610
131 147 -2503560465110934813610
146 6 19380421393362353728
6 146 19380421393362353728
146 30 -5800309991320218049189698874
30 146 -5800309991320218049189698874
146 54 80673582112108621884645597657
54 146 80673582112108621884645597657
146 78 -3475450578096142571489729673
78 146 -3475450578096142571489729673
146 102 47800139373704000560056712
102 146 47800139373704000560056712
146 126 -36171710232638585518618
126 146 -36171710232638585518618
145 1 704619008
1 145 704619008
145 25 186552085612534665122425016
25 145 186552085612534665122425016
145 49 261287613737095716626834861870
49 145 261287613737095716626834861870
145 73 -19599809268687820741045313992
73 145 -19599809268687820741045313992
145 97 313382655626335498613068160
97 145 313382655626335498613068160
145 121 -536882788970094923479612
121 145 -536882788970094923479612
145 145 -11500014503869291
144 20 265533051218153512998958509
20 144 265533051218153512998958509
144 44 672672130157111018504260263839
44 144 672672130157111018504260263839
144 68 -89214269140499368456418161020
68 144 -89214269140499368456418161020
144 92 1693828687203617534856737351
92 144 1693828687203617534856737351
144 116 -4678963676830440867252822
116 144 -4678963676830440867252822
144 140 90307930327232189452
140 144 90307930327232189452
143 15 -756355597083095026138308960
15 143 -756355597083095026138308960
143 39 1332818393763674886301440899520
39 143 1332818393763674886301440899520
143 63 -395897665506530751870254001919
63 143 -395897665506530751870254001919
143 87 9033403875463267582707053885
87 143 9033403875463267582707053885
143 111 -34137686583629585306298384
111 143 -34137686583629585306298384
143 135 5511522598198958284951
135 143 5511522598198958284951
142 10 17145884389285429166123776
10 142 17145884389285429166123776
142 34 1718323695842858634133105680036
34 142 1718323695842858634133105680036
142 58 -1455315429420682387962170015012
58 142 -1455315429420682387962170015012
142 82 43754552248572644004962233422
82 142 43754552248572644004962233422
142 106 -217202277439682097755466681
106 142 -217202277439682097755466681
142 130 76388930631817063123916
130 142 76388930631817063123916
141 5 -101576173815661742080
5 141 -101576173815661742080
141 29 1308526021846763600297419728364
29 141 1308526021846763600297419728364
141 53 -4313947263430868934061928948431
53 141 -4313947263430868934061928948431
141 77 176936230808366777012003872126
77 141 176936230808366777012003872126
141 101 -1235218905837147245465989626
101 141 -1235218905837147245465989626
141 125 1613702203364174125480197
125 141 1613702203364174125480197
140 24 388520296244369316636885701038
24 140 388520296244369316636885701038
140 48 -10592852532226730780998835410313
48 140 -10592852532226730780998835410313
140 72 640460086231834860355349809099
72 140 640460086231834860355349809099
140 96 -5823261526165648760262359917
96 140 -5823261526165648760262359917
140 120 12834734457677092409453009
120 140 12834734457677092409453009
139 19 -1492416684900277320979400128
19 139 -1492416684900277320979400128
139 43 -19388798012043839699261514549722
43 139 -19388798012043839699261514549722
139 67 2227281768638776937778211353844
67 139 2227281768638776937778211353844
139 91 -27755857498441647075867570807
91 139 -27755857498441647075867570807
139 115 44932495907230895058773741
115 139 44932495907230895058773741
139 139 -7420015171741233137662
138 14 3353302792353282162856454784
14 138 3353302792353282162856454784
138 38 -28070304256953932832244846907800
38 138 -28070304256953932832244846907800
138 62 6845432654556768268321189481004
62 138 6845432654556768268321189481004
138 86 -111811524229130260113462483596
86 138 -111811524229130260113462483596
138 110 140036674578328939874795000
110 138 140036674578328939874795000
138 134 -45479904325058492354951
134 138 -45479904325058492354951
137 9 216036294602470506665524224
9 137 216036294602470506665524224
137 33 -33274599192209839686713091079494
33 137 -33274599192209839686713091079494
137 57 19067858758886229731413460717419
57 137 19067858758886229731413460717419
137 81 -434567101151748193339166150549
81 137 -434567101151748193339166150549
137 105 1235863469377607148436981931
105 137 1235863469377607148436981931
137 129 -2963180897712347556009232
129 137 -2963180897712347556009232
136 4 82476289137672273920
4 136 82476289137672273920
136 28 -26875391770361635278163968880516
28 136 -26875391770361635278163968880516
136 52 44434564831564946900307854580658
52 136 44434564831564946900307854580658
136 76 -1527011802039869387065166513686
76 136 -1527011802039869387065166513686
136 100 9179843569928684524425498397
100 136 9179843569928684524425498397
136 124 -16388196101324762220523468
124 136 -16388196101324762220523468
135 23 -10468208174774108802379357826912
23 135 -10468208174774108802379357826912
135 47 97808158574622232948558838955248
47 135 97808158574622232948558838955248
135 71 -5661884862842591125644067878904
71 135 -5661884862842591125644067878904
135 95 48879419919729296426288790615
95 135 48879419919729296426288790615
135 119 119847134790693283569006659
119 135 119847134790693283569006659
134 18 -371219839444493955148140727936
18 134 -371219839444493955148140727936
134 42 210804737617886619562638845375984
42 134 210804737617886619562638845375984
134 66 -17266912391892616299270622396076
66 134 -17266912391892616299270622396076
134 90 235509919486833536178331894760
90 134 235509919486833536178331894760
134 114 1061089189406439857093506139
114 134 1061089189406439857093506139
133 13 10327350076755937071419817984
13 133 10327350076755937071419817984
133 37 323513826383326318921703640639972
37 133 323513826383326318921703640639972
133 61 -42136398184376099257840635679428
61 133 -42136398184376099257840635679428
133 85 1197410509615405301100544188506
85 133 1197410509615405301100544188506
133 109 463787899883411559595703952
109 133 463787899883411559595703952
133 133 3615031308246880662524895
132 8 965570046485568123786551296
8 132 965570046485568123786551296
132 32 348677648124498966950401341581422
32 132 348677648124498966950401341581422
132 56 -65790337699692986015446323642399
56 132 -65790337699692986015446323642399
132 80 4345966188855926725526995683483
80 132 4345966188855926725526995683483
132 104 -17109640649070474393663963967
104 132 -17109640649070474393663963967
132 128 7446035437105307625356032
128 132 7446035437105307625356032
131 3 -9373835895011115008
3 131 -9373835895011115008
131 27 266196793537678717493704728635952
27 131 266196793537678717493704728635952
131 51 -86078700503417299854639739766910
51 131 -86078700503417299854639739766910
131 75 14847093296406716040638135581624
75 131 14847093296406716040638135581624
131 99 -108861874484941130583070683010
99 131 -108861874484941130583070683010
131 123 -506756143053815714451182873
123 131 -506756143053815714451182873
130 22 109972716533942952584518763522304
22 130 109972716533942952584518763522304
130 46 -162289843071284551191727193326540
46 130 -162289843071284551191727193326540
130 70 30866624298266192570122507838728
70 130 30866624298266192570122507838728
130 94 -685873295972411070031697783706
94 130 -685873295972411070031697783706
130 118 -2492765919451873607995646696
118 130 -2492765919451873607995646696
129 17 3478010499539058402679897402368
17 129 3478010499539058402679897402368
129 41 -697971129784881523983801480402118
41 129 -697971129784881523983801480402118
129 65 59213447926688776860091337597743
65 129 59213447926688776860091337597743
129 89 -3945034190352117299533856054549
89 129 -3945034190352117299533856054549
129 113 2322487892922741027949275726
113 129 2322487892922741027949275726
128 12 160519996723467215510928232448
12 128 160519996723467215510928232448
128 36 -2019409239598422125809103442237762
36 128 -2019409239598422125809103442237762
128 60 -14861235935666188509819112370654
60 128 -14861235935666188509819112370654
128 84 -12762313465476489161582429714937
84 128 -12762313465476489161582429714937
128 108 40711141144169127970671223679
108 128 40711141144169127970671223679
127 7 1767570141054535556489412608
7 127 1767570141054535556489412608
127 31 -2588110611066610551373629125119776
31 127 -2588110611066610551373629125119776
127 55 -329226821557324055323533521210816
55 127 -329226821557324055323533521210816
127 79 -28336310227705649696916808288236
79 127 -28336310227705649696916808288236
127 103 146158393364859645602755928082
103 127 146158393364859645602755928082
127 127 746428113118422503807690045
126 2 90390111711133696
2 126 90390111711133696
126 26 -1796499472445051701263670202099200
26 126 -1796499472445051701263670202099200
126 50 -1433706969331663654017616350105026
50 126 -1433706969331663654017616350105026
126 74 9270396862031106317232529336968
74 126 9270396862031106317232529336968
126 98 1201291574120298455656712650559
98 126 1201291574120298455656712650559
126 122 1448443374396533271037879982
122 126 1448443374396533271037879982
125 21 -682403017607001541786337740554240
21 125 -682403017607001541786337740554240
125 45 -2740923084078726941353914601417412
45 125 -2740923084078726941353914601417412
125 69 90608967160661627130479474914396
69 125 90608967160661627130479474914396
125 93 9706401073971533567902771493550
93 125 9706401073971533567902771493550
125 117 -12910503588725532133254608677
117 125 -12910503588725532133254608677
124 16 -12739516218552217476299381202944
16 124 -12739516218552217476299381202944
124 40 -1563831118974686030335505581184996
40 124 -1563831118974686030335505581184996
124 64 451568518563075070573243598783932
64 124 451568518563075070573243598783932
124 88 32529825736733074290839487342818
88 124 32529825736733074290839487342818
124 112 -56131205792052121939653088903
112 124 -56131205792052121939653088903
123 11 286025457767540233955812343808
11 123 286025457767540233955812343808
123 35 5583769038279052191870411843216944
35 123 5583769038279052191870411843216944
123 59 932063305045727256719626140625690
59 123 932063305045727256719626140625690
123 83 55408142197056900256584634444312
83 123 55408142197056900256584634444312
123 107 80729738570436221340910376958
107 123 80729738570436221340910376958
122 6 1363256769119612900688789504
6 122 1363256769119612900688789504
122 30 13491503207544743652008886104062976
30 122 13491503207544743652008886104062976
122 54 5376207811663574266516283182531186
54 122 5376207811663574266516283182531186
122 78 -192332682054127078810876567732096
78 122 -192332682054127078810876567732096
122 102 -1128155751759309996273821490079
102 122 -1128155751759309996273821490079
121 1 -12518026117120
1 121 -12518026117120
121 25 9927064582166445926021895449457664
25 121 9927064582166445926021895449457664
121 49 13248140787856145679119048215804376
49 121 13248140787856145679119048215804376
121 73 -782159895423673899605000410977016
73 121 -782159895423673899605000410977016
121 97 -19944354949885614791036054354080
97 121 -19944354949885614791036054354080
121 121 19648194496937986390494191266
120 20 2755265045123526731793450040684544
20 120 2755265045123526731793450040684544
120 44 24725938839679927297082477257197054
44 120 24725938839679927297082477257197054
120 68 -2444795737306645454915370066320900
68 120 -2444795737306645454915370066320900
120 92 -68999246259427135551327181432641
92 120 -68999246259427135551327181432641
120 116 27600837561968831236746232535
116 120 27600837561968831236746232535
119 15 35398245744904664742822235570176
15 119 35398245744904664742822235570176
119 39 21927384672629815530831316811339296
39 119 21927384672629815530831316811339296
119 63 -2199236460452740148474666922957276
63 119 -2199236460452740148474666922957276
119 87 -127008090653486082945429567490096
87 119 -127008090653486082945429567490096
119 111 -564486801415100946364764045385
111 119 -564486801415100946364764045385
118 10 -326410552956147393295469772800
10 118 -326410552956147393295469772800
118 34 -10386549956562211276270540372898560
34 118 -10386549956562211276270540372898560
118 58 -6453080853282054358115449431592996
58 118 -6453080853282054358115449431592996
118 82 500948597679199178938968256373304
82 118 500948597679199178938968256373304
118 106 725249691686955229758652499650
106 118 725249691686955229758652499650
117 5 413429008547815712184336384
5 117 413429008547815712184336384
117 29 -50077777190206583269662125545086976
29 117 -50077777190206583269662125545086976
117 53 -11871637139923038661566871755190148
53 117 -11871637139923038661566871755190148
117 77 2309660537063744882580287176985372
77 117 2309660537063744882580287176985372
117 101 31982111373486915382561929697478
101 117 31982111373486915382561929697478
116 24 -43388323972000689278971229840642048
24 116 -43388323972000689278971229840642048
116 48 -67365848570928284954203890902785813
48 116 -67365848570928284954203890902785813
116 72 7984115968701128969867378870814988
72 116 7984115968701128969867378870814988
116 96 100012755859951591773319227677282
96 116 100012755859951591773319227677282
115 19 -8561872526937152442428124753756160
19 115 -8561872526937152442428124753756160
115 43 -105985126302849165432952385726435008
43 115 -105985126302849165432952385726435008
115 67 5673486344401509484413379510464577
67 115 5673486344401509484413379510464577
115 91 246749465778580768626967058154728
91 115 246749465778580768626967058154728
115 115 819177361504226264807752158190
114 14 37024822041952437931292346286080
14 114 37024822041952437931292346286080
114 38 -91757246037226473857127446406721664
38 114 -91757246037226473857127446406721664
114 62 1223691094401619412906810430183291
62 114 1223691094401619412906810430183291
114 86 -809732816032623578285796789414292
86 114 -809732816032623578285796789414292
114 110 -209190731231264364835889646493
110 114 -209190731231264364835889646493
113 9 -1664919904982146636630510796800
9 113 -1664919904982146636630510796800
113 33 44072294657749657525575546760657920
33 113 44072294657749657525575546760657920
113 57 -47384594416740481082866416853848749
57 113 -47384594416740481082866416853848749
113 81 -3920783574746570499523885421150130
81 113 -3920783574746570499523885421150130
113 105 -39682907239951658781407924926124
105 113 -39682907239951658781407924926124
112 4 40083397944980748955025408
4 112 40083397944980748955025408
112 28 182003977550090022503660972362375168
28 112 182003977550090022503660972362375168
112 52 19628188960696635976742597726511526
52 112 19628188960696635976742597726511526
112 76 -16853379617851033053530447192646528
76 112 -16853379617851033053530447192646528
112 100 -90891063342001861356918129005902
100 112 -90891063342001861356918129005902
111 23 141359423928102713231341287782187008
23 111 141359423928102713231341287782187008
111 47 94973097119384309292534974041521184
47 111 94973097119384309292534974041521184
111 71 -14640452709875972739031866391727016
71 111 -14640452709875972739031866391727016
111 95 -361105826990519725062314268616014
95 111 -361105826990519725062314268616014
110 18 21148095509196602575328535552196608
18 110 21148095509196602575328535552196608
110 42 344077299946468753057042123681995904
42 110 344077299946468753057042123681995904
110 66 7428805613781152529179027562962361
66 110 7428805613781152529179027562962361
110 90 883124760561185063643949960421636
90 110 883124760561185063643949960421636
109 13 52010165125286482109978661355520
13 109 52010165125286482109978661355520
109 37 168564132637349916325649162859937792
37 109 168564132637349916325649162859937792
109 61 206412892865826319459916406477948942
61 109 206412892865826319459916406477948942
109 85 4298020812383833562017364677829448
85 109 4298020812383833562017364677829448
109 109 41822085065500847040194320402010
108 8 -894140944686950598068498595840
8 108 -894140944686950598068498595840
108 32 -269477223217942470719268141639266304
32 108 -269477223217942470719268141639266304
108 56 250745669777633802834771255494159051
56 108 250745669777633802834771255494159051
108 80 26708872396938082231504902705028984
80 108 26708872396938082231504902705028984
108 104 35247499791594092575230037955200
104 108 35247499791594092575230037955200
107 3 795026461348241107582976
3 107 795026461348241107582976
107 27 -624815595811183975838956280788385792
27 107 -624815595811183975838956280788385792
107 51 379076755333923848662931334830789992
51 107 379076755333923848662931334830789992
107 75 23269709951678815767415860497616132
75 107 23269709951678815767415860497616132
107 99 450761398277208856263054329475164
99 107 450761398277208856263054329475164
106 22 -381502207930055363909955096415305728
22 106 -381502207930055363909955096415305728
106 46 -412997174610051478919388763621951744
46 106 -412997174610051478919388763621951744
106 70 -16340845469315291134619979543371592
70 106 -16340845469315291134619979543371592
106 94 -678975990969647741279450738937424
94 106 -678975990969647741279450738937424
105 17 -40491902384270449241457352985542656
17 105 -40491902384270449241457352985542656
105 41 -477216412183412355440448584000353280
41 105 -477216412183412355440448584000353280
105 65 -411840734650641073719806168605229773
65 105 -411840734650641073719806168605229773
105 89 -3037762207333137101353164470622522
89 105 -3037762207333137101353164470622522
104 12 -435303576334844882436807681114112
12 104 -435303576334844882436807681114112
104 36 -60871622392488708136219084270198784
36 104 -60871622392488708136219084270198784
104 60 -825103817999497037062708021240603481
60 104 -825103817999497037062708021240603481
104 84 -31041856669061630664530269881229418
84 104 -31041856669061630664530269881229418
103 7 34023300583189768938501177344
7 103 34023300583189768938501177344
103 31 1380725495705636020480921949943496704
31 103 1380725495705636020480921949943496704
103 55 -1651303142926610555679331251823591536
55 103 -1651303142926610555679331251823591536
103 79 -20786689972547967692069114027576000
79 103 -20786689972547967692069114027576000
103 103 -481954932777777377625020074317870
102 2 1242135718066995068928
2 102 1242135718066995068928
102 26 1794489097796129460930789895308312576
26 102 1794489097796129460930789895308312576
102 50 78316230041703642426035867531730624
50 102 78316230041703642426035867531730624
102 74 14438700813633651771410641594441860
74 102 14438700813633651771410641594441860
102 98 265916736164641690832901383848234
98 102 265916736164641690832901383848234
101 21 830257581012351979346206920632434688
21 101 830257581012351979346206920632434688
101 45 1126009067751802956019029464554125312
45 101 1126009067751802956019029464554125312
101 69 532022047132653281670358028463870296
69 101 532022047132653281670358028463870296
101 93 745540619893012566453667599343558
93 101 745540619893012566453667599343558
100 16 83842277923059412616906964964737024
16 100 83842277923059412616906964964737024
100 40 1849624652034355489068005780618985472
40 100 1849624652034355489068005780618985472
100 64 1594837194873686415756229240678543262
64 100 1594837194873686415756229240678543262
100 88 25743746661131605862408964435454764
88 100 25743746661131605862408964435454764
99 11 386595028558969369528227686514688
11 99 386595028558969369528227686514688
99 35 -1940306261661737840151472950402842624
35 99 -1940306261661737840151472950402842624
99 59 3294725877205128589758449348841838184
59 99 3294725877205128589758449348841838184
99 83 3327608167001667139925806435387220
83 99 3327608167001667139925806435387220
98 6 186411209620005887863529930752
6 98 186411209620005887863529930752
98 30 -4526417482060298007155998037396946944
30 98 -4526417482060298007155998037396946944
98 54 475443559281993761867457764029591104
54 98 475443559281993761867457764029591104
98 78 -9092537936717810978452154924560804
78 98 -9092537936717810978452154924560804
97 1 19254991222996992
1 97 19254991222996992
97 25 -4670948415664348332615451497136652288
25 97 -4670948415664348332615451497136652288
97 49 -2904825008333572856019650309357863424
49 97 -2904825008333572856019650309357863424
97 73 -374027114846114060507493123627842192
73 97 -374027114846114060507493123627842192
97 97 356632071548517757793279378702996
96 20 -1496767063652292252456914073755320320
20 96 -1496767063652292252456914073755320320
96 44 -10013883340008019783333355791650406400
44 96 -10013883340008019783333355791650406400
96 68 -2196248481449969653590765887569192121
68 96 -2196248481449969653590765887569192121
96 92 -10202345660202931586349841466742302
92 96 -10202345660202931586349841466742302
95 15 -148025222032938419248106370515337216
15 95 -148025222032938419248106370515337216
95 39 -2969074635920560197811551433994928128
39 95 -2969074635920560197811551433994928128
95 63 -4256176377061226253362864227710962368
63 95 -4256176377061226253362864227710962368
95 87 23551840813297364686729862615810480
87 95 23551840813297364686729862615810480
94 10 -17310127821689902733092437622784
10 94 -17310127821689902733092437622784
94 34 8091500360044692785102194694875512832
34 94 8091500360044692785102194694875512832
94 58 -1045814110036178632615678690775781888
58 94 -1045814110036178632615678690775781888
94 82 681374404736936371499991198484968
82 94 681374404736936371499991198484968
93 5 -58014194137551568837028085760
5 93 -58014194137551568837028085760
93 29 11873833163880065664326708240379281408
29 93 11873833163880065664326708240379281408
93 53 7495911787456498042384315592564232192
53 93 7495911787456498042384315592564232192
93 77 -124845760089275642804086881809547560
77 93 -124845760089275642804086881809547560
92 24 10745137206090119528511540502812688384
24 92 10745137206090119528511540502812688384
92 48 32702939007799824260576783854858190848
48 92 32702939007799824260576783854858190848
92 72 2324297777688766426031392455288260212
72 92 2324297777688766426031392455288260212
91 19 2630641869276620841134378389052850176
19 91 2630641869276620841134378389052850176
91 43 25629815453242946342256653466894860288
43 91 25629815453242946342256653466894860288
91 67 2992216918768912484059944989022737536
67 91 2992216918768912484059944989022737536
91 91 -36958237103463240604790902447830316
90 14 189154953230884405713859500054675456
14 90 189154953230884405713859500054675456
90 38 2430178915000282334424604170510139392
38 90 2430178915000282334424604170510139392
90 62 924076852072553713370281062044279040
62 90 924076852072553713370281062044279040
90 86 2442786441427279473636452679230824
86 90 2442786441427279473636452679230824
89 9 311643205686980175393511811579904
9 89 311643205686980175393511811579904
89 33 -31136611400745937358056347311273934848
33 89 -31136611400745937358056347311273934848
89 57 -11914091495259553672916920574779459584
57 89 -11914091495259553672916920574779459584
89 81 686650850976008473568393579245723308
81 89 686650850976008473568393579245723308
88 4 21498757730678541504074481664
4 88 21498757730678541504074481664
88 28 -25619006837372129318579904676076978176
28 88 -25619006837372129318579904676076978176
88 52 -69031442914717831387260711701080178688
52 88 -69031442914717831387260711701080178688
88 76 -1781206858733340050112553070170140248
76 88 -1781206858733340050112553070170140248
87 23 -23747978899982592201233788443954249728
23 87 -23747978899982592201233788443954249728
87 47 -75682956478504792312390850215456669696
47 87 -75682956478504792312390850215456669696
87 71 998766080714205142432695054476380480
71 87 998766080714205142432695054476380480
86 18 -3731736642946806572075432736353943552
18 86 -3731736642946806572075432736353943552
86 42 -50418858604397088947798426971562573824
42 86 -50418858604397088947798426971562573824
86 66 -581922427949939902620937915171891456
66 86 -581922427949939902620937915171891456
85 13 -212183171150363612968443133443440640
13 85 -212183171150363612968443133443440640
85 37 59425549666653358673188478335290703872
37 85 59425549666653358673188478335290703872
85 61 10642785265944559458339386382118912000
61 85 10642785265944559458339386382118912000
85 85 -926773510851193534755325889740471176
84 8 -173940046521581728821792129155072
8 84 -173940046521581728821792129155072
84 32 72913213479132675554339120412861923328
32 84 72913213479132675554339120412861923328
84 56 109399541337858384820244081479798718464
56 84 109399541337858384820244081479798718464
84 80 658649788100259530547618133518545652
80 84 658649788100259530547618133518545652
83 3 -1067795480402740929085046784
3 83 -1067795480402740929085046784
83 27 58326608980133825738087614141192732672
27 83 58326608980133825738087614141192732672
83 51 128476236177295622128398677480247459840
51 83 128476236177295622128398677480247459840
83 75 -5493206807808067788547148633965786464
75 83 -5493206807808067788547148633965786464
82 22 46981092739685692170390813565652041728
22 82 46981092739685692170390813565652041728
82 46 131320669190015989563776894598723403776
46 82 131320669190015989563776894598723403776
82 70 43607961903163927775999436703037952
70 82 43607961903163927775999436703037952
81 17 4144956619021767593055927831791403008
17 81 4144956619021767593055927831791403008
81 41 -116199296224842272486896979294157799424
41 81 -116199296224842272486896979294157799424
81 65 -1703735381504853575642012894918256640
65 81 -1703735381504853575642012894918256640
80 12 262551176154611347337827883941888000
12 80 262551176154611347337827883941888000
80 36 -214116089670007601585527325132316475392
36 80 -214116089670007601585527325132316475392
80 60 -127147444916476439201915985433515696128
60 80 -127147444916476439201915985433515696128
79 7 186684203437919824771091164823552
7 79 186684203437919824771091164823552
79 31 -160713718083901853312870940544879034368
31 79 -160713718083901853312870940544879034368
79 55 -140837545980193458160185005763115352064
55 79 -140837545980193458160185005763115352064
79 79 7414188086809548278042607117923769408
78 2 1296570196603975906623488
2 78 1296570196603975906623488
78 26 -120056709970006519427823654091939119104
26 78 -120056709970006519427823654091939119104
78 50 -212266599326056075306151913564220162048
50 78 -212266599326056075306151913564220162048
78 74 156338332251345886312732971470772736
74 78 156338332251345886312732971470772736
77 21 -77596348433348782234047543169169489920
21 77 -77596348433348782234047543169169489920
77 45 266355271330139645821173508320989806592
45 77 266355271330139645821173508320989806592
77 69 -12058542496408250719605689659294965760
69 77 -12058542496408250719605689659294965760
76 16 -4175307625717922820042522482400296960
16 76 -4175307625717922820042522482400296960
76 40 545759912827529921721460900479723634688
40 76 545759912827529921721460900479723634688
76 64 105446386323995057612427118327622713344
64 76 105446386323995057612427118327622713344
75 11 -275218794596508348090305947109425152
11 75 -275218794596508348090305947109425152
75 35 529493525911380703932929618720610844672
35 75 529493525911380703932929618720610844672
75 59 99541392009892236537140493373358800896
59 75 99541392009892236537140493373358800896
74 6 -95217509059283146442597040390144
6 74 -95217509059283146442597040390144
74 30 252876850519885785120492077956978442240
30 74 252876850519885785120492077956978442240
74 54 231505857232551297323879618424769347584
54 74 231505857232551297323879618424769347584
73 1 -8183920132234412032
1 73 -8183920132234412032
73 25 238421000456486490310450494886058655744
25 73 238421000456486490310450494886058655744
73 49 -517471135656482216087581219943304134656
49 73 -517471135656482216087581219943304134656
73 73 18922617396973179189652942053289121792
72 20 116399021065058416081629231484906766336
20 72 116399021065058416081629231484906766336
72 44 -1157615258331601089405895209566607507456
44 72 -1157615258331601089405895209566607507456
72 68 -41788807824191207777688950647776468992
68 72 -41788807824191207777688950647776468992
71 15 4367594322189289813211072057072156672
15 71 4367594322189289813211072057072156672
71 39 -1302771099205219172159643714767447654400
39 71 -1302771099205219172159643714767447654400
71 63 -24429875032654235777553779895289708544
63 71 -24429875032654235777553779895289708544
70 10 203082310469549958618390962257264640
10 70 203082310469549958618390962257264640
70 34 -736450843850308516013626916093237919744
34 70 -736450843850308516013626916093237919744
70 58 -177989482176747337489960334508012077056
58 70 -177989482176747337489960334508012077056
69 5 22325573760757919697494916202496
5 69 22325573760757919697494916202496
69 29 -419871020005376546648000060685633454080
29 69 -419871020005376546648000060685633454080
69 53 757293807284822422453882493056610992128
53 69 757293807284822422453882493056610992128
68 24 -400171484974984155263196483572740390912
24 68 -400171484974984155263196483572740390912
68 48 1677935607817673604724799719694938406912
48 68 1677935607817673604724799719694938406912
67 19 -172283936902238894446973581493618606080
19 67 -172283936902238894446973581493618606080
67 43 2676886007799201077136053981489125130240
43 67 2676886007799201077136053981489125130240
67 67 -11686119720501829887370178681339772928
66 14 -2161414334913365568840289764862066688
14 66 -2161414334913365568840289764862066688
66 38 1289877005951760459201221759255095279616
38 66 1289877005951760459201221759255095279616
66 62 69708476885143831401700100367511453696
62 66 69708476885143831401700100367511453696
65 9 -135341042429677877850141032116649984
9 65 -135341042429677877850141032116649984
65 33 935116381388158000679107989568665681920
33 65 935116381388158000679107989568665681920
65 57 -945315167919845107329776913167499132928
57 65 -945315167919845107329776913167499132928
64 4 -2206892373842646208246204858368
4 64 -2206892373842646208246204858368
64 28 630834046643833425355341260857846792192
28 64 630834046643833425355341260857846792192
64 52 -1524899002158447100387068544647883128832
52 64 -1524899002158447100387068544647883128832
63 23 679068774908345717915252444664994725888
23 63 679068774908345717915252444664994725888
63 47 -4292566325192373220375713023291224489984
47 63 -4292566325192373220375713023291224489984
62 18 210227236202803819304764684231977730048
18 62 210227236202803819304764684231977730048
62 42 -1211348014650132724380486290207823364096
42 62 -1211348014650132724380486290207823364096
61 13 -1194216081819144383247240728099684352
13 61 -1194216081819144383247240728099684352
61 37 -1255491039075951146987973837164636012544
37 61 -1255491039075951146987973837164636012544
61 61 1010732751184781383041066098895869706240
60 8 70745137352200192213511855526641664
8 60 70745137352200192213511855526641664
60 32 -1175765552545118405119874477631798771712
32 60 -1175765552545118405119874477631798771712
60 56 591354917463529075458630596462588723200
56 60 591354917463529075458630596462588723200
59 3 101060453067676965044247068672
3 59 101060453067676965044247068672
59 27 -679423127462133782690899828555254857728
27 59 -679423127462133782690899828555254857728
59 51 5326149650181062471471820324778931126272
51 59 5326149650181062471471820324778931126272
58 22 -955265718497436899836318105715368525824
22 58 -955265718497436899836318105715368525824
58 46 778730926807388945407394614756350361600
46 58 778730926807388945407394614756350361600
57 17 -210821533789245406085869080924284518400
17 57 -210821533789245406085869080924284518400
57 41 -693463173949306726226054671803283931136
41 57 -693463173949306726226054671803283931136
56 12 3228051659172818725962414353759076352
12 56 3228051659172818725962414353759076352
56 36 2797648316752742811629948045913692831744
36 56 2797648316752742811629948045913692831744
55 7 -28157313045841880512681836705480704
7 55 -28157313045841880512681836705480704
55 31 -254970094371811182255603642360058085376
31 55 -254970094371811182255603642360058085376
55 55 -5613265237714254871810406362861828833280
54 2 184143418110991668455931904
2 54 184143418110991668455931904
54 26 615887808055825804382817136337223680000
26 54 615887808055825804382817136337223680000
54 50 -224616837316151564925089609688109023232
50 54 -224616837316151564925089609688109023232
53 21 1201113067010351414219519607583946047488
21 53 1201113067010351414219519607583946047488
53 45 4848904702203010170350623323370469457920
45 53 4848904702203010170350623323370469457920
52 16 186987444333359307786642963830595911680
16 52 186987444333359307786642963830595911680
52 40 -3857307090590554247331425638780248260608
40 52 -3857307090590554247331425638780248260608
51 11 -2742479177677543888786943764592590848
11 51 -2742479177677543888786943764592590848
51 35 -1276801221818767688924103832327252082688
35 51 -1276801221818767688924103832327252082688
50 6 7152645740878609515989018678919168
6 50 7152645740878609515989018678919168
50 30 4666719607439164250119703020523755667456
30 50 4666719607439164250119703020523755667456
49 1 1362464988069141413888
1 49 1362464988069141413888
49 25 -1580921654879932778071992037036640960512
25 49 -1580921654879932778071992037036640960512
49 49 -7036679954568442346267062493398937108480
48 20 -1317011191965853709901021043340693471232
20 48 -1317011191965853709901021043340693471232
48 44 1896715114733832056530692835024578805760
44 48 1896715114733832056530692835024578805760
47 15 -165512499656334938434390750383094890496
15 47 -165512499656334938434390750383094890496
47 39 7097624408123749738563284263551081906176
39 47 7097624408123749738563284263551081906176
46 10 2310741237296147364007214458295287808
10 46 2310741237296147364007214458295287808
46 34 -10963300455044267409681230509763024912384
34 46 -10963300455044267409681230509763024912384
45 5 -998278681946486053792802490286080
5 45 -998278681946486053792802490286080
45 29 -4216746184256155304720283726735147532288
29 45 -4216746184256155304720283726735147532288
44 24 3612656582562113652455539664735021563904
24 44 3612656582562113652455539664735021563904
43 19 1208952564173676068659819217037113163776
19 43 1208952564173676068659819217037113163776
43 43 -10801709157093865431970001505976171102208
42 14 105213133433497192120314881933897105408
14 42 105213133433497192120314881933897105408
42 38 6370321329296377994120804863859782320128
38 42 6370321329296377994120804863859782320128
41 9 -1230287055437517718975628701329260544
9 41 -1230287055437517718975628701329260544
41 33 17829896695506829816452751589788232974336
33 41 17829896695506829816452751589788232974336
40 4 68527174878092987943840538165248
4 40 68527174878092987943840538165248
40 28 -4612867115950050902810600083325093675008
28 40 -4612867115950050902810600083325093675008
39 23 -3633734320878921474106639730940215033856
23 39 -3633734320878921474106639730940215033856
38 18 -651611602900258763687229166943167578112
18 38 -651611602900258763687229166943167578112
37 13 -63428897197423230086762015339388600320
13 37 -63428897197423230086762015339388600320
37 37 -26262604469523359571676890862221462077440
36 8 315775938815887323321116331144642560
8 36 315775938815887323321116331144642560
36 32 2095872651245935732911215594460248276992
32 36 2095872651245935732911215594460248276992
35 3 -1389134081457613279916449595392
3 35 -1389134081457613279916449595392
35 27 6672490193384350138208186381933830209536
27 35 6672490193384350138208186381933830209536
34 22 1376100638114727972241876987993961529344
22 34 1376100638114727972241876987993961529344
33 17 360801087288739573704865645701544017920
17 33 360801087288739573704865645701544017920
32 12 28533748745777516008398497151268683776
12 32 28533748745777516008398497151268683776
31 7 -24834103292897002918658071781703680
7 31 -24834103292897002918658071781703680
31 31 -8140326826376664207620433149078494248960
30 2 3270433144282789914320306176
2 30 3270433144282789914320306176
30 26 -819293120684716942223026185547267702784
26 30 -819293120684716942223026185547267702784
29 21 -794294115823772687373958545984582582272
21 29 -794294115823772687373958545984582582272
28 16 -105517249346265329333677245409823555584
16 28 -105517249346265329333677245409823555584
27 11 -7642335243290030185635216375614013440
11 27 -7642335243290030185635216375614013440
26 6 -2683698379714971219509570164490240
6 26 -2683698379714971219509570164490240
25 1 -96218217088469021229056
1 25 -96218217088469021229056
25 25 1069336882001191822091650008468647051264
24 20 104117954910802842448112320426805297152
20 24 104117954910802842448112320426805297152
23 15 13891711866569995953509599158896427008
15 23 13891711866569995953509599158896427008
22 10 1198299590446281964807773304333008896
10 22 1198299590446281964807773304333008896
21 5 342988850706745671569042674024448
5 21 342988850706745671569042674024448
19 19 106068912198412366598103068340912128
18 14 -1111022999549690449646475205725388800
14 18 -1111022999549690449646475205725388800
17 9 -97573903018493120525779953074044928
9 17 -97573903018493120525779953074044928
16 4 16668330507999989167024383197184
4 16 16668330507999989167024383197184
13 13 65578999005562576206524175240658944
12 8 2712880780877244315233208105959424
8 12 2712880780877244315233208105959424
11 3 233516224653557360257730084864
3 11 233516224653557360257730084864
7 7 -10630551943921783524410267795456
6 2 1280856905881699610601193472
2 6 1280856905881699610601193472
1 1 2417851639229258349412352
