# Weber-f modular polynomial Phi_43^f(X,Y); r=q^(1/48).
44 0 1
0 44 1
43 19 43
19 43 43
43 43 -1
42 14 1763
14 42 1763
42 38 86
38 42 86
41 9 8127
9 41 8127
41 33 -2365
33 41 -2365
40 4 3698
4 40 3698
40 28 26230
28 40 26230
39 23 -170194
23 39 -170194
38 18 698234
18 38 698234
37 13 -1408938
13 37 -1408938
37 37 4773
36 8 1336225
8 36 1336225
36 32 -23865
32 36 -23865
35 3 -65016
3 35 -65016
35 27 76927
27 35 76927
34 22 433182
22 34 433182
33 17 -207217
17 33 -207217
32 12 -5574477
12 32 -5574477
31 7 11271504
7 31 11271504
31 31 482976
30 2 112832
2 30 112832
30 26 -1159667
26 30 -1159667
29 21 -1702026
21 29 -1702026
28 16 -2538634
16 28 -2538634
27 11 1657736
11 27 1657736
26 6 44686976
6 26 44686976
25 1 -22016
1 25 -22016
25 25 -5311876
24 20 9917907
20 24 9917907
23 15 13616208
15 23 13616208
22 10 27723648
10 22 27723648
21 5 87139328
5 21 87139328
19 19 42495008
18 14 -74218688
14 18 -74218688
17 9 -39386624
9 17 -39386624
16 4 107438080
4 16 107438080
13 13 -247283712
12 8 -97751040
8 12 -97751040
11 3 77496320
3 11 77496320
7 7 -156401664
6 2 22544384
2 6 22544384
1 1 2097152
