# Weber-f modular polynomial Phi_151^f(X,Y); r=q^(1/48).
152 0 1
0 152 1
151 7 -34277
7 151 -34277
151 31 1656319
31 151 1656319
151 55 -1173119
55 151 -1173119
151 79 163231
79 151 163231
151 103 -7852
103 151 -7852
151 127 151
127 151 151
151 151 -1
150 14 403437572
14 150 403437572
150 38 69088062236
38 150 69088062236
150 62 136364998309
62 150 136364998309
150 86 20707553969
86 150 20707553969
150 110 382579338
110 150 382579338
150 134 573347
134 150 573347
149 21 -1907936632034
21 149 -1907936632034
149 45 266719112653024
45 149 266719112653024
149 69 -256344136179356
69 149 -256344136179356
149 93 10130458777225
93 149 10130458777225
149 117 -45916998382
117 149 -45916998382
149 141 1563907
141 149 1563907
148 4 25012999
4 148 25012999
148 28 3262794082940946
28 148 3262794082940946
148 52 103811110538967357
52 148 103811110538967357
148 76 1366679065063520
76 148 1366679065063520
148 100 22719703451260
100 148 22719703451260
148 124 281032740829
124 148 281032740829
148 148 24462
147 11 4115625577728
11 147 4115625577728
147 35 -1424292803555138788
35 147 -1424292803555138788
147 59 2799679985263293196
59 147 2799679985263293196
147 83 17897444365402029
83 147 17897444365402029
147 107 265746791596177
107 147 265746791596177
147 131 -243391539802
131 147 -243391539802
146 18 41472486254977858
18 146 41472486254977858
146 42 64465746662892921595
42 146 64465746662892921595
146 66 22920684271509091885
66 146 22920684271509091885
146 90 173396590642906932
90 146 173396590642906932
146 114 428841827389920
114 146 428841827389920
146 138 29644083232
138 146 29644083232
145 1 -274216
1 145 -274216
145 25 44804714081982127056
25 145 44804714081982127056
145 49 795587618778681639916
49 145 795587618778681639916
145 73 105208012692050593273
73 145 105208012692050593273
145 97 450699809105472511
97 145 450699809105472511
145 121 -20274490475142
121 145 -20274490475142
145 145 -160894275
144 8 133908422059969
8 144 133908422059969
144 32 3781745528122207570612
32 144 3781745528122207570612
144 56 4202095658391528451616
56 144 4202095658391528451616
144 80 264872009845770201967
80 144 264872009845770201967
144 104 386819760975592691
104 144 386819760975592691
144 128 76683130340619
128 144 76683130340619
143 15 -8410501625434162192
15 143 -8410501625434162192
143 39 41893184533685918616602
39 143 41893184533685918616602
143 63 11031701252166270552664
63 143 11031701252166270552664
143 87 394704168240562691601
87 143 394704168240562691601
143 111 182488579642608827
111 143 182488579642608827
143 135 22052972544441
135 143 22052972544441
142 22 9411009359397146090738
22 142 9411009359397146090738
142 46 237405651945996482575791
46 142 237405651945996482575791
142 70 16742544415777611681388
70 142 16742544415777611681388
142 94 372655271750950799570
94 142 372655271750950799570
142 118 137392790410419627
118 142 137392790410419627
142 142 234225984762
141 5 32925004621824
5 141 32925004621824
141 29 49235623380497352473534
29 141 49235623380497352473534
141 53 779300287427267003880688
53 141 779300287427267003880688
141 77 11162802619729013633408
77 141 11162802619729013633408
141 101 252166235362694344615
101 141 252166235362694344615
141 125 36872249457203436
125 141 36872249457203436
140 12 86617539354304228652
12 140 86617539354304228652
140 36 243589040511416659312827
36 140 243589040511416659312827
140 60 1481091512213008792625420
60 140 1481091512213008792625420
140 84 -3390233559408288486190
84 140 -3390233559408288486190
140 108 114775056596938376857
108 140 114775056596938376857
140 132 3436937761604217
132 140 3436937761604217
139 19 218420133256488393880036
19 139 218420133256488393880036
139 43 1425020728830425278490241
43 139 1425020728830425278490241
139 67 1741866591997274841201390
67 139 1741866591997274841201390
139 91 -12936750912351163397760
91 139 -12936750912351163397760
139 115 25092427271249663047
115 139 25092427271249663047
139 139 10825171437570
138 2 25820004608
2 138 25820004608
138 26 3632837510201922254041450
26 138 3632837510201922254041450
138 50 1493566015856652199172291
50 138 1493566015856652199172291
138 74 1422897928885598896537491
74 138 1422897928885598896537491
138 98 -12620693784286892489773
98 138 -12620693784286892489773
138 122 2613565679431425674
122 138 2613565679431425674
137 9 -67284013003473297536
9 137 -67284013003473297536
137 33 18765123643240696138382364
33 137 18765123643240696138382364
137 57 -6502139859578499900991300
57 137 -6502139859578499900991300
137 81 950625317398506528328072
81 137 950625317398506528328072
137 105 -6575266087861192511412
105 137 -6575266087861192511412
137 129 84188866698712583
129 137 84188866698712583
136 16 1174301715684720656163060
16 136 1174301715684720656163060
136 40 20612153616587771648169413
40 136 20612153616587771648169413
136 64 -16617138255398019955482240
64 136 -16617138255398019955482240
136 88 577179816416771121333411
88 136 577179816416771121333411
136 112 -1600884523291047878590
112 136 -1600884523291047878590
136 136 -4362690629442611
135 23 36425892147902970432868848
23 135 36425892147902970432868848
135 47 -14715687238544906076173702
47 135 -14715687238544906076173702
135 71 -17925790441812154774302616
71 135 -17925790441812154774302616
135 95 334793119610761117015257
95 135 334793119610761117015257
135 119 -201077112797734455014
119 135 -201077112797734455014
134 6 2654239120318582912
6 134 2654239120318582912
134 30 351715241695304305949231672
30 134 351715241695304305949231672
134 54 -6789999693661865707522208
54 134 -6789999693661865707522208
134 78 -12028431205502015701817211
78 134 -12028431205502015701817211
134 102 150342053001592730245666
102 134 150342053001592730245666
134 126 -12721435571054626688
126 134 -12721435571054626688
133 13 1747361066051907151040288
13 133 1747361066051907151040288
133 37 510294216187671716323512632
37 133 510294216187671716323512632
133 61 87319496597044954020519592
61 133 87319496597044954020519592
133 85 -5610344887296261668375138
85 133 -5610344887296261668375138
133 109 31747651723660623127903
109 133 31747651723660623127903
133 133 -293601951325479346
132 20 165464067975061639112085676
20 132 165464067975061639112085676
132 44 672969124382813169345244379
44 132 672969124382813169345244379
132 68 140188810659935573579586868
68 132 140188810659935573579586868
132 92 -2803939804096707425832082
92 132 -2803939804096707425832082
132 116 3408666520894649709856
116 132 3408666520894649709856
131 3 -976863555601408
3 131 -976863555601408
131 27 2568705408081707267464514144
27 131 2568705408081707267464514144
131 51 602218337817594075930672972
51 131 602218337817594075930672972
131 75 94096690371627640447950816
75 131 94096690371627640447950816
131 99 -1522113546811446248992839
99 131 -1522113546811446248992839
131 123 270096512754648958614
123 131 270096512754648958614
130 10 602304599001417349807232
10 130 602304599001417349807232
130 34 3292344464970483211237579092
34 130 3292344464970483211237579092
130 58 -367532519444207181892455660
58 130 -367532519444207181892455660
130 82 18041814142709078560536042
82 130 18041814142709078560536042
130 106 -263360742253156399371130
106 130 -263360742253156399371130
130 130 14735119918857220245
129 17 291407137183223763462950784
17 129 291407137183223763462950784
129 41 2250762992157913184726373660
41 129 2250762992157913184726373660
129 65 -1227310496131196011533844772
65 129 -1227310496131196011533844772
129 89 1665705792180438583281736
89 129 1665705792180438583281736
129 113 -9969565098879705217492
113 129 -9969565098879705217492
128 24 10282802086452367577995142082
24 128 10282802086452367577995142082
128 48 91824148554434158838957772
48 128 91824148554434158838957772
128 72 -886235428887817762254072305
72 128 -886235428887817762254072305
128 96 10426453073485593673782979
96 128 10426453073485593673782979
128 120 -523177951954154697391
120 128 -523177951954154697391
127 7 22940013609974849052672
7 127 22940013609974849052672
127 31 5656532552247067596850605494
31 127 5656532552247067596850605494
127 55 3759538926265302863362939435
55 127 3759538926265302863362939435
127 79 33966688942702746727212449
79 127 33966688942702746727212449
127 103 1308829250528547813097036
103 127 1308829250528547813097036
127 127 -127630871497361211637
126 14 232501600652923024258652800
14 126 232501600652923024258652800
126 38 984956552048526308374925544
38 126 984956552048526308374925544
126 62 9452703472991978624961842628
62 126 9452703472991978624961842628
126 86 187616359768523043579919999
86 126 187616359768523043579919999
126 110 -316351402975938307443799
110 126 -316351402975938307443799
125 21 20549643264653658139716113152
21 125 20549643264653658139716113152
125 45 -449079260228977878068543130
45 125 -449079260228977878068543130
125 69 6832668222093395382826498264
69 125 6832668222093395382826498264
125 93 -85445830368656187341322274
93 125 -85445830368656187341322274
125 117 -45908692682447652906380
117 125 -45908692682447652906380
124 4 13364404563726114816
4 124 13364404563726114816
124 28 7366831122421294340410988430
28 124 7366831122421294340410988430
124 52 -9702816657554050477907630606
52 124 -9702816657554050477907630606
124 76 -1659671516033799398760643275
76 124 -1659671516033799398760643275
124 100 -11682240195887670800159958
100 124 -11682240195887670800159958
124 124 1009293929752167418902
123 11 25208639170814644466449408
11 123 25208639170814644466449408
123 35 3441637983330067356234172000
35 123 3441637983330067356234172000
123 59 -47193837546256155510220507072
59 123 -47193837546256155510220507072
123 83 -2976417478977301396099731928
83 123 -2976417478977301396099731928
123 107 4900050354376371344097726
107 123 4900050354376371344097726
122 18 22509775468499475580750827008
18 122 22509775468499475580750827008
122 42 -67541138277596656762014543166
42 122 -67541138277596656762014543166
122 66 -38833369936485479141787877884
66 122 -38833369936485479141787877884
122 90 886668675772045784859017603
90 122 886668675772045784859017603
122 114 751534138190955529945124
114 122 751534138190955529945124
121 1 54274260992
1 121 54274260992
121 25 45252260417976540774804843952
25 121 45252260417976540774804843952
121 49 -66717946940876115721089607600
49 121 -66717946940876115721089607600
121 73 18665883185380719446598971784
73 121 18665883185380719446598971784
121 97 167236064297147004421857247
97 121 167236064297147004421857247
121 121 -63794901943030277079116
120 8 15490029683188562209226752
8 120 15490029683188562209226752
120 32 -19989858144807296998350051134
32 120 -19989858144807296998350051134
120 56 176906117331585509186162443976
56 120 176906117331585509186162443976
120 80 29536937633794857663352224047
80 120 29536937633794857663352224047
120 104 -46560319960359599551850926
104 120 -46560319960359599551850926
119 15 9607743305339236422851770368
15 119 9607743305339236422851770368
119 39 -26202371998586360975136368848
39 119 -26202371998586360975136368848
119 63 212267298980704344970940797816
63 119 212267298980704344970940797816
119 87 -9343491395059049624670249480
87 119 -9343491395059049624670249480
119 111 -8990240100792300532097696
111 119 -8990240100792300532097696
118 22 210710045758110925519205061888
22 118 210710045758110925519205061888
118 46 32170348779002623328631013002
46 118 32170348779002623328631013002
118 70 -118223080256536908514038161268
70 118 -118223080256536908514038161268
118 94 -1783983182164718306311843538
94 118 -1783983182164718306311843538
118 118 1518764280148294135893439
117 5 -46671226586894787805184
5 117 -46671226586894787805184
117 29 27533103866640538849873376000
29 117 27533103866640538849873376000
117 53 -903841264112517725830729551290
53 117 -903841264112517725830729551290
117 77 -220355470474555786777766122312
77 117 -220355470474555786777766122312
117 101 399870231424743055080258986
101 117 399870231424743055080258986
116 12 997740709934762636545339392
12 116 997740709934762636545339392
116 36 155741058057877027250303710972
36 116 155741058057877027250303710972
116 60 -1127696089921060746450541906156
60 116 -1127696089921060746450541906156
116 84 85524403079327634348109578520
84 116 85524403079327634348109578520
116 108 115572626018394676980072733
108 116 115572626018394676980072733
115 19 261270638688087918757638467584
19 115 261270638688087918757638467584
115 43 -363913356146328726386754308268
43 115 -363913356146328726386754308268
115 67 578144607229565222529737058748
67 115 578144607229565222529737058748
115 91 13847328958997868316316305046
91 115 13847328958997868316316305046
115 115 -22638562935201532026465841
114 2 18111020986793984
2 114 18111020986793984
114 26 63037219331105683735995234816
26 114 63037219331105683735995234816
114 50 2900421356862084997600498225786
50 114 2900421356862084997600498225786
114 74 1397460090318579126287375396084
74 114 1397460090318579126287375396084
114 98 -3165429433023087658566619431
98 114 -3165429433023087658566619431
113 9 1372755870799820181228814336
9 113 1372755870799820181228814336
113 33 -209618975988690887801090950784
33 113 -209618975988690887801090950784
113 57 4966910542021433395914193684304
57 113 4966910542021433395914193684304
113 81 -645397669824643385719038926812
81 113 -645397669824643385719038926812
113 105 -1386306144720844805809476564
105 113 -1386306144720844805809476564
112 16 84427381213543512670901915648
16 112 84427381213543512670901915648
112 40 3212612113319556479430985936420
40 112 3212612113319556479430985936420
112 64 -2442077365478252516730361236788
64 112 -2442077365478252516730361236788
112 88 -77432594955605646809816021948
88 112 -77432594955605646809816021948
112 112 277260816297376318652200349
111 23 1152390651984851550579903313920
23 111 1152390651984851550579903313920
111 47 -7907199536099723191190729930448
47 111 -7907199536099723191190729930448
111 71 -7664318340255331987099026020936
71 111 -7664318340255331987099026020936
111 95 21287632117882657823989521544
95 111 21287632117882657823989521544
110 6 16899308693197402038599680
6 110 16899308693197402038599680
110 30 -4322632849766186032768930762624
30 110 -4322632849766186032768930762624
110 54 -17653046135548058345076050042588
54 110 -17653046135548058345076050042588
110 78 4064260786932478549164812875324
78 110 4064260786932478549164812875324
110 102 14218376188866002841213823891
102 110 14218376188866002841213823891
109 13 46695079242315375525568217088
13 109 46695079242315375525568217088
109 37 -2911306849170629811094034466144
37 109 -2911306849170629811094034466144
109 61 9297118336156067182159569764384
61 109 9297118336156067182159569764384
109 85 314622702577390760089571691512
85 109 314622702577390760089571691512
109 109 -3078827259851209005057062020
108 20 2756481533472002741638120976384
20 108 2756481533472002741638120976384
108 44 27745420984325006106314906869116
44 108 27745420984325006106314906869116
108 68 37010970743550830569365781140436
68 108 37010970743550830569365781140436
108 92 -120394870449404666946700532384
92 108 -120394870449404666946700532384
107 3 559350520538514587648
3 107 559350520538514587648
107 27 -229928581237236673571094082560
27 107 -229928581237236673571094082560
107 51 61125344364016542168833185085824
51 107 61125344364016542168833185085824
107 75 -22123296522331375933875387608992
75 107 -22123296522331375933875387608992
107 99 -121078919464805155760616446932
99 107 -121078919464805155760616446932
106 10 62234467223731301928348155904
10 106 62234467223731301928348155904
106 34 2058902321856167893032384832128
34 106 2058902321856167893032384832128
106 58 -27653811422903860544951783189520
58 106 -27653811422903860544951783189520
106 82 -878312145618098460451495687188
82 106 -878312145618098460451495687188
106 106 29800423883273015248605465536
105 17 -482203639432639482304059867136
17 105 -482203639432639482304059867136
105 41 -63257596288797785529525839443584
41 105 -63257596288797785529525839443584
105 65 -157434893205293447298570045588144
65 105 -157434893205293447298570045588144
105 89 550767537118749236432617194948
89 105 550767537118749236432617194948
104 24 376111712478962314604371034112
24 104 376111712478962314604371034112
104 48 -182975163011226940243994905975889
48 104 -182975163011226940243994905975889
104 72 105171364205672778345192384152920
72 104 105171364205672778345192384152920
104 96 864742685933636027595663539162
96 104 864742685933636027595663539162
103 7 1668468165896949758513119232
7 103 1668468165896949758513119232
103 31 -34159588833728571249197879091200
31 103 -34159588833728571249197879091200
103 55 72696981989974456931509125104437
55 103 72696981989974456931509125104437
103 79 572359120927729436644630060438
79 103 572359120927729436644630060438
103 103 -244335009843243494357927440060
102 14 391529369660726234099821051904
14 102 391529369660726234099821051904
102 38 185626966839173439846431886450304
38 102 185626966839173439846431886450304
102 62 593951232224056731100203625762744
62 102 593951232224056731100203625762744
102 86 -2042083677663106570042147385212
86 102 -2042083677663106570042147385212
101 21 19733490493606922680096291946496
21 101 19733490493606922680096291946496
101 45 489002754912132337350665480686592
45 101 489002754912132337350665480686592
101 69 -442647891495868488121929295878244
69 101 -442647891495868488121929295878244
101 93 -5319361504300646604093555131872
93 101 -5319361504300646604093555131872
100 4 1741661424712131765338112
4 100 1741661424712131765338112
100 28 -39742737029341390757509654962176
28 100 -39742737029341390757509654962176
100 52 -217469143531280796635029349767287
52 100 -217469143531280796635029349767287
100 76 10960027435761625176769055561788
76 100 10960027435761625176769055561788
100 100 1705937314351285549500618067492
99 11 1634311156378667851722392600576
11 99 1634311156378667851722392600576
99 35 -462766727225609075625333530260480
35 99 -462766727225609075625333530260480
99 59 -2013464231949168880133351138043264
59 99 -2013464231949168880133351138043264
99 83 6256847342341549552671650894840
83 99 6256847342341549552671650894840
98 18 -1779957679695296124032701693952
18 98 -1779957679695296124032701693952
98 42 -1129794952675075734084867202725632
42 98 -1129794952675075734084867202725632
98 66 1650631468080004621022098404892676
66 98 1650631468080004621022098404892676
98 90 28737674718195287912945999599690
90 98 28737674718195287912945999599690
97 1 -157453366853632
1 97 -157453366853632
97 25 123192571535861444226676799406080
25 97 123192571535861444226676799406080
97 49 581575855919795655452073000835496
49 97 581575855919795655452073000835496
97 73 -85796120460963188868933456494112
73 97 -85796120460963188868933456494112
97 97 -10284178175241259913618827276712
96 8 70499466513496885402907181056
8 96 70499466513496885402907181056
96 32 724607456590174245626521370525696
32 96 724607456590174245626521370525696
96 56 6040730991321425740496161391796847
56 96 6040730991321425740496161391796847
96 80 -13250949460070648250489170871840
80 96 -13250949460070648250489170871840
95 15 -13635975610794770224363706777600
15 95 -13635975610794770224363706777600
95 39 2543058197514973898708067166363648
39 95 2543058197514973898708067166363648
95 63 -5495091016027613256815173948310816
63 95 -5495091016027613256815173948310816
95 87 -138021090012766154865307279896772
87 95 -138021090012766154865307279896772
94 22 -96346444777182247490015896535040
22 94 -96346444777182247490015896535040
94 46 -1769843931065847074876914124129280
46 94 -1769843931065847074876914124129280
94 70 412125541611342680967603531341444
70 94 412125541611342680967603531341444
94 94 54624346078453960772006202890634
93 5 375766686749112694564978688
5 93 375766686749112694564978688
93 29 -1546447668715721703758905575735296
29 93 -1546447668715721703758905575735296
93 53 -16107713855593351041066809104346112
53 93 -16107713855593351041066809104346112
93 77 12858218053896192717440120711644
77 93 12858218053896192717440120711644
92 12 24848592216164286523775878430720
12 92 24848592216164286523775878430720
92 36 -4619043184316664817461419647614976
36 92 -4619043184316664817461419647614976
92 60 16472422491988547269951239553486168
60 92 16472422491988547269951239553486168
92 84 595219045603927769987790009896706
84 92 595219045603927769987790009896706
91 19 183122256927486019414040703401984
19 91 183122256927486019414040703401984
91 43 4760124588111906397265699719364608
43 91 4760124588111906397265699719364608
91 67 -1510545223513140380907622783073592
67 91 -1510545223513140380907622783073592
91 91 -259133154438247999658900019819770
90 2 146420802014062575616
2 90 146420802014062575616
90 26 2477969499224009244661997273874432
26 90 2477969499224009244661997273874432
90 50 38012878862339630790413032048815616
50 90 38012878862339630790413032048815616
90 74 53395933586285060314743789249044
74 90 53395933586285060314743789249044
89 9 1480649878040511911811866427392
9 89 1480649878040511911811866427392
89 33 6955574852999719976007788062834688
33 89 6955574852999719976007788062834688
89 57 -43960728128220906054521391586486528
57 89 -43960728128220906054521391586486528
89 81 -2321160683058728199482717762073048
81 89 -2321160683058728199482717762073048
88 16 -278789317812675746765435924643840
16 88 -278789317812675746765435924643840
88 40 -10002748888998922308527559625883648
40 88 -10002748888998922308527559625883648
88 64 4655040267689775644561732687596776
64 88 4655040267689775644561732687596776
88 88 1104901354307673007595562808404830
87 23 -2573856661582529977980225631289344
23 87 -2573856661582529977980225631289344
87 47 -80606665321110245016867863341129728
47 87 -80606665321110245016867863341129728
87 71 -362158137454491244403421742287136
71 87 -362158137454491244403421742287136
86 6 24610897337018283553183498240
6 86 24610897337018283553183498240
86 30 -10179934928630049444144841460023296
30 86 -10179934928630049444144841460023296
86 54 105640413957120295745414297913131264
54 86 105640413957120295745414297913131264
86 78 8233230036460439305960119654709248
78 86 8233230036460439305960119654709248
85 13 233789376456977211377611356241920
13 85 233789376456977211377611356241920
85 37 18944642489698393211854423941054464
37 85 18944642489698393211854423941054464
85 61 -12084361788105123047260982264588736
61 85 -12084361788105123047260982264588736
85 85 -4276873948664195839039213374289584
84 20 2351977957224841664028622075199488
20 84 2351977957224841664028622075199488
84 44 151596936165584202012122239551225856
44 84 151596936165584202012122239551225856
84 68 1101232635904883414569754369828952
68 84 1101232635904883414569754369828952
83 3 -2201979362823408820682752
3 83 -2201979362823408820682752
83 27 14329143827299608313885356487344128
27 83 14329143827299608313885356487344128
83 51 -226635720445884665918427799489660928
51 83 -226635720445884665918427799489660928
83 75 -26659317971069343096284233334886848
75 83 -26659317971069343096284233334886848
82 10 17977170179398067145137257971712
10 82 17977170179398067145137257971712
82 34 -30991471150769611345504019747438592
34 82 -30991471150769611345504019747438592
82 58 26376034663125931581926626005852416
58 82 26376034663125931581926626005852416
82 82 15084777867569395481279925720521080
81 17 -2405958865704143616591249903976448
17 81 -2405958865704143616591249903976448
81 41 -251144383373486718553260884654030848
41 81 -251144383373486718553260884654030848
81 65 -2897265099635929955227373938297088
65 81 -2897265099635929955227373938297088
80 24 -14868563217303558365973217940602880
24 80 -14868563217303558365973217940602880
80 48 430781907786435700101908005490360320
48 80 430781907786435700101908005490360320
80 72 78858845337752702729066790283070876
72 80 78858845337752702729066790283070876
79 7 903729947579020434569865199616
7 79 903729947579020434569865199616
79 31 39145194253987546548873926874759168
31 79 39145194253987546548873926874759168
79 55 -43927613676013152700893929724985344
55 79 -43927613676013152700893929724985344
79 79 -48662467997090519901103436943162892
78 14 1527825017527445246500552870723584
14 78 1527825017527445246500552870723584
78 38 366335777916473606481477735831044096
38 78 366335777916473606481477735831044096
78 62 3417339749522243860143602511938816
62 78 3417339749522243860143602511938816
77 21 12629443993999337562924860779266048
21 77 12629443993999337562924860779266048
77 45 -724936180443754526601228701171449856
45 77 -724936180443754526601228701171449856
77 69 -213274543768554744770273866679094784
69 77 -213274543768554744770273866679094784
76 4 93917470217210793002270720
4 76 93917470217210793002270720
76 28 -27844667513546515813677444523622400
28 76 -27844667513546515813677444523622400
76 52 44892272376879616724046051581083648
52 76 44892272376879616724046051581083648
76 76 143997958873632423562534562153784260
75 11 95887744366878475875650986049536
11 75 95887744366878475875650986049536
75 35 -462118915616655617352565778938855424
35 75 -462118915616655617352565778938855424
75 59 6583407643594850671329341804361728
59 75 6583407643594850671329341804361728
74 18 -12915429662454253175345852253732864
18 74 -12915429662454253175345852253732864
74 42 1065421579729627656792260706388934656
42 74 1065421579729627656792260706388934656
74 66 526926722333468115581447657901391872
66 74 526926722333468115581447657901391872
73 1 89737191256752128
1 73 89737191256752128
73 25 4558931817572284845085890678095872
25 73 4558931817572284845085890678095872
73 49 18755063674559838179971237820432384
49 73 18755063674559838179971237820432384
73 73 -389299743976724159208827495545303136
72 8 18201865918613968342073277939712
8 72 18201865918613968342073277939712
72 32 495547582660705226707315546916913152
32 72 495547582660705226707315546916913152
72 56 -54275888988449375234003643891056640
56 72 -54275888988449375234003643891056640
71 15 8165809297952410676823133597466624
15 71 8165809297952410676823133597466624
71 39 -1353497014068090525647453923441639424
39 71 -1353497014068090525647453923441639424
71 63 -1188434269726068838135151494181400576
63 71 -1188434269726068838135151494181400576
70 22 19372250425861442314949264154820608
22 70 19372250425861442314949264154820608
70 46 -230244259100910802816596885422211072
46 70 -230244259100910802816596885422211072
70 70 965425783524441310801915246113349120
69 5 9839224093616792121221578752
5 69 9839224093616792121221578752
69 29 -399487991607821156955734080785219584
29 69 -399487991607821156955734080785219584
69 53 205024373713847895741944656522117120
53 69 205024373713847895741944656522117120
68 12 -232975076215364354552310362275840
12 68 -232975076215364354552310362275840
68 36 1434861383732944856227253590499000320
36 68 1434861383732944856227253590499000320
68 60 2438017210793688145869987880536907776
60 68 2438017210793688145869987880536907776
67 19 -48192495620436499457459230338973696
19 67 -48192495620436499457459230338973696
67 43 659811629955580187303365451997773824
43 67 659811629955580187303365451997773824
67 67 -2189759461716068269588077247636267008
66 2 91072785486858237771776
2 66 91072785486858237771776
66 26 201451532350094150599534789500338176
26 66 201451532350094150599534789500338176
66 50 -535319983597317408697128684149014528
50 66 -535319983597317408697128684149014528
65 9 216990911256076623496195696754688
9 65 216990911256076623496195696754688
65 33 -1254062186632376066462493634398781440
33 65 -1254062186632376066462493634398781440
65 57 -4522675077538321362626388947657424896
57 65 -4522675077538321362626388947657424896
64 16 39663494966741053952707970514026496
16 64 39663494966741053952707970514026496
64 40 -1299103371010706347347994320482336768
40 64 -1299103371010706347347994320482336768
64 64 4525675947244228639111425263226183680
63 23 14308303804345512492263256948211712
23 63 14308303804345512492263256948211712
63 47 1155043242003659198683136015619588096
47 63 1155043242003659198683136015619588096
62 6 762606270514365324607176572928
6 62 762606270514365324607176572928
62 30 952053241207141049246033143893327872
30 62 952053241207141049246033143893327872
62 54 7533409001326585554651316119061135360
54 62 7533409001326585554651316119061135360
61 13 -7112054026885940385399224276090880
13 61 -7112054026885940385399224276090880
61 37 1858557031745299042259159792629055488
37 61 1858557031745299042259159792629055488
61 61 -8491275204632510452822835849454223360
60 20 -192685276136768083443666204441444352
20 60 -192685276136768083443666204441444352
60 44 -2019890746821679168772855319121362944
44 60 -2019890746821679168772855319121362944
59 3 356433831048458441798451200
3 59 356433831048458441798451200
59 27 -733974094025883896198056712452702208
27 59 -733974094025883896198056712452702208
59 51 -11155509617467109627068007331915628544
51 59 -11155509617467109627068007331915628544
58 10 1638955217768782173243597683425280
10 58 1638955217768782173243597683425280
58 34 -1915537356002868902665469593294733312
34 58 -1915537356002868902665469593294733312
58 58 14319444578390235092616794050562359296
57 17 184054463955716511647866617348489216
17 57 184054463955716511647866617348489216
57 41 2857177617362038503737297477442732032
41 57 2857177617362038503737297477442732032
56 24 716500399422388952896678198503276544
24 56 716500399422388952896678198503276544
56 48 14507974826328773300354407859845332992
48 56 14507974826328773300354407859845332992
55 7 15857589783932497505255426097152
7 55 15857589783932497505255426097152
55 31 1436546853735999220192488526891188224
31 55 1436546853735999220192488526891188224
55 55 -21567484828563558710365550861011124224
54 14 -55506398265694906291244082650939392
14 54 -55506398265694906291244082650939392
54 38 -3398853973157495976621211173355782144
38 54 -3398853973157495976621211173355782144
53 21 -836790771757277019889422904728748032
21 53 -836790771757277019889422904728748032
53 45 -16250937479261123968876051386645610496
45 53 -16250937479261123968876051386645610496
52 4 6395027999816419245618626560
4 52 6395027999816419245618626560
52 28 -802797433365666876420818738859737088
28 52 -802797433365666876420818738859737088
52 52 28620878805331417541650561451815862272
51 11 8872310653241023762969220800839680
11 51 8872310653241023762969220800839680
51 35 3434859133226445813545678000160243712
35 51 3434859133226445813545678000160243712
50 18 661211341675867558212081168116875264
18 50 661211341675867558212081168116875264
50 42 15266865183351150382314113638737117184
42 50 15266865183351150382314113638737117184
49 1 -17681132137056567296
1 49 -17681132137056567296
49 25 719536489864742857167883532100435968
25 49 719536489864742857167883532100435968
49 49 -32794089892017777963501839793709383680
48 8 108880083211826473340871215415296
8 48 108880083211826473340871215415296
48 32 -3199600824336647943597695734997057536
32 48 -3199600824336647943597695734997057536
47 15 -231346608618386918802019506437750784
15 47 -231346608618386918802019506437750784
47 39 -11908279107639742980886345298516901888
39 47 -11908279107639742980886345298516901888
46 22 -1158272793628254298185849156162027520
22 46 -1158272793628254298185849156162027520
46 46 31997961496398730483017446020993777664
45 5 598408575803723797562598096896
5 45 598408575803723797562598096896
45 29 2693831170662364850950565862140018688
29 45 2693831170662364850950565862140018688
44 12 32306306382587453920256869575688192
12 44 32306306382587453920256869575688192
44 36 7942090384989501312798342910981439488
36 44 7942090384989501312798342910981439488
43 19 1117021191191923963800163205613879296
19 43 1117021191191923963800163205613879296
43 43 -26446924782188473005561559979487395840
42 2 6891936656225804161646592
2 42 6891936656225804161646592
42 26 -1391328184141181035913943104509444096
26 42 -1391328184141181035913943104509444096
41 9 410927749638912097693687764484096
9 41 410927749638912097693687764484096
41 33 -4942436763659606332667264332409602048
33 41 -4942436763659606332667264332409602048
40 16 -450608933909797334424894085047255040
16 40 -450608933909797334424894085047255040
40 40 19053218215351921587457204758316580864
39 23 -350772888002816738486261408904249344
23 39 -350772888002816738486261408904249344
38 6 7725327576136505108961983201280
6 38 7725327576136505108961983201280
38 30 3305282094446283370603168004776656896
30 38 3305282094446283370603168004776656896
37 13 56503123054310627128316899314630656
13 37 56503123054310627128316899314630656
37 37 -12445681591696428444514226375185399808
36 20 959454329583214340683032747663425536
20 36 959454329583214340683032747663425536
35 3 -6617336857700699767889199104
3 35 -6617336857700699767889199104
35 27 -1615268525451077078752144996339548160
27 35 -1615268525451077078752144996339548160
34 10 2475048478783033953386311836499968
10 34 2475048478783033953386311836499968
34 34 6679595943495583072103321851874246656
33 17 -452785405134306042014604052211433472
17 33 -452785405134306042014604052211433472
32 24 -147261501841824397172350748245098496
24 32 -147261501841824397172350748245098496
31 7 -2921862007967237811043590733824
7 31 -2921862007967237811043590733824
31 31 -2244583567334128805417956348644032512
30 14 47081813679982743469884996338057216
14 30 47081813679982743469884996338057216
29 21 608203277097953735059747628774326272
21 29 608203277097953735059747628774326272
28 4 324008690400356755745070383104
4 28 324008690400356755745070383104
28 28 284090985371197797125378685599219712
27 11 5313851165304747768563661319176192
11 27 5313851165304747768563661319176192
26 18 -229169009989677558968138001381588992
18 26 -229169009989677558968138001381588992
25 1 1392729177565071147008
1 25 1392729177565071147008
25 25 -287399172658243805789473799432830976
24 8 88409630010269415528394490118144
8 24 88409630010269415528394490118144
23 15 12132894358178123153133208260837376
15 23 12132894358178123153133208260837376
22 22 265444322303299801404383093147566080
21 5 -2244890722216792976966618710016
5 21 -2244890722216792976966618710016
20 12 3962519455348822603712095995297792
12 20 3962519455348822603712095995297792
19 19 -42312500434709737177602839608819712
18 2 42305541497716601161515008
2 18 42305541497716601161515008
17 9 203402770295923234077352371683328
9 17 203402770295923234077352371683328
16 16 -5029839844631167371507729050894336
14 6 2187347266721794764392416411648
6 14 2187347266721794764392416411648
13 13 99844583531442152454807418306560
11 3 923167749890652279651958784
3 11 923167749890652279651958784
10 10 17282827185268828966492273901568
7 7 -94975216443201435770604748800
4 4 115518528903957261217431552
1 1 -37778931862957161709568
