# Weber-f modular polynomial Phi_197^f(X,Y); r=q^(1/48).
198 0 1
0 198 1
197 5 -62055
5 197 -62055
197 29 52936067
29 197 52936067
197 53 -155630197
53 197 -155630197
197 77 66143144
77 197 66143144
197 101 -8988519
101 197 -8988519
197 125 525596
125 197 525596
197 149 -14775
149 197 -14775
197 173 197
173 197 197
197 197 -1
196 10 1486108309
10 196 1486108309
196 34 10925362302724
34 196 10925362302724
196 58 252841829782739
58 196 252841829782739
196 82 327098166534286
82 196 327098166534286
196 106 60494400744693
106 196 60494400744693
196 130 2156954469423
130 196 2156954469423
196 154 14091734262
154 196 14091734262
196 178 8899475
178 196 8899475
195 15 -17296897928025
15 195 -17296897928025
195 39 256771289166094538
39 195 256771289166094538
195 63 -8325697408740209738
63 195 -8325697408740209738
195 87 7630575967022008231
87 195 7630575967022008231
195 111 -529705474696816358
111 195 -529705474696816358
195 135 6422971648150142
135 195 6422971648150142
195 159 -10862549511886
159 195 -10862549511886
195 183 205600823
183 195 205600823
194 20 101470491378052161
20 194 101470491378052161
194 44 1112098596247666154230
44 194 1112098596247666154230
194 68 14212058902991377096436
68 194 14212058902991377096436
194 92 1407005102031834764534
92 194 1407005102031834764534
194 116 -37029706024300773106
116 194 -37029706024300773106
194 140 233847150330905306
140 194 233847150330905306
194 164 356664295409891
164 194 356664295409891
194 188 148783068
188 194 148783068
193 1 248220
1 193 248220
193 25 -283582584555078790891
25 193 -283582584555078790891
193 49 893324084253757120810732
49 193 893324084253757120810732
193 73 -715394787632674721933299
73 193 -715394787632674721933299
193 97 49877075626024120724329
97 193 49877075626024120724329
193 121 -854656480644943855776
121 193 -854656480644943855776
193 145 51280620931801606
145 193 51280620931801606
193 169 -2033602843384349
169 193 -2033602843384349
193 193 2702643
192 6 3171522469313
6 192 3171522469313
192 30 325781098872093958431964
30 192 325781098872093958431964
192 54 106934415114866295543079312
54 192 106934415114866295543079312
192 78 -21628859133577331607240036
78 192 -21628859133577331607240036
192 102 889793483490524819760155
102 192 889793483490524819760155
192 126 -2068154095061544740755
126 192 -2068154095061544740755
192 150 15781595108478190161
150 192 15781595108478190161
192 174 2985288987305806
174 192 2985288987305806
191 11 388079423752010060
11 191 388079423752010060
191 35 -115404940048175742808407348
35 191 -115404940048175742808407348
191 59 2430867209076955125484959078
59 191 2430867209076955125484959078
191 83 -274522530793613762715604675
83 191 -274522530793613762715604675
191 107 3603656040786645590652504
107 191 3603656040786645590652504
191 131 -10642932718663241420783
131 191 -10642932718663241420783
191 155 -25424973151025216232
155 191 -25424973151025216232
191 179 -1209513553052647
179 191 -1209513553052647
190 16 6397611033148896670539
16 190 6397611033148896670539
190 40 6327414660877628313839310121
40 190 6327414660877628313839310121
190 64 27440692445064664957619567237
64 190 27440692445064664957619567237
190 88 -1574476928197626711419128319
88 190 -1574476928197626711419128319
190 112 7080438608789225234814580
112 190 7080438608789225234814580
190 136 77889706454068674787516
136 190 77889706454068674787516
190 160 36453476952199644421
160 190 36453476952199644421
190 184 113031951175731
184 190 113031951175731
189 21 19954884179742751177214726
21 189 19954884179742751177214726
189 45 124843037223219191504414789773
45 189 124843037223219191504414789773
189 69 175462107368709965285491134771
69 189 175462107368709965285491134771
189 93 -4840450820641447670309361223
93 189 -4840450820641447670309361223
189 117 37278253408465234249121948
117 189 37278253408465234249121948
189 141 -81645199117724963182820
141 189 -81645199117724963182820
189 165 15878807381318021245
165 189 15878807381318021245
189 189 -1313069539170
188 2 23777732944
2 188 23777732944
188 26 11191364578001465993997793485
26 188 11191364578001465993997793485
188 50 915340690499123683213675372705
50 188 915340690499123683213675372705
188 74 716342768748712474913352785752
74 188 716342768748712474913352785752
188 98 -12000815372097086740290828293
98 188 -12000815372097086740290828293
188 122 44296702119585856519067409
122 188 44296702119585856519067409
188 146 370953236859322160310712
146 188 370953236859322160310712
188 170 -6773817673632781653
170 188 -6773817673632781653
187 7 -1552317695008040240
7 187 -1552317695008040240
187 31 896978184174583353942041650028
31 187 896978184174583353942041650028
187 55 644241025710385814731536772405
55 187 644241025710385814731536772405
187 79 1745271976489285056751835906890
79 187 1745271976489285056751835906890
187 103 -34551371615910928728180112815
103 187 -34551371615910928728180112815
187 127 192953767147760570757906191
127 187 192953767147760570757906191
187 151 -163281711721109144989165
151 187 -163281711721109144989165
187 175 5612046328085246408
175 187 5612046328085246408
186 12 394211773669452381596352
12 186 394211773669452381596352
186 36 17533825052814189228838507376420
36 186 17533825052814189228838507376420
186 60 -20278243976291757236397287189308
60 186 -20278243976291757236397287189308
186 84 2182978020929548990032189693230
84 186 2182978020929548990032189693230
186 108 -46442908750361787553129518586
108 186 -46442908750361787553129518586
186 132 52303707289378315216121767
132 186 52303707289378315216121767
186 156 285246580103048602996457
156 186 285246580103048602996457
186 180 262220787191591837
180 186 262220787191591837
185 17 -3893568410520484290442122904
17 185 -3893568410520484290442122904
185 41 176013217900139648718893908361194
41 185 176013217900139648718893908361194
185 65 -112109676745287579465039802913040
65 185 -112109676745287579465039802913040
185 89 4194931719958433076375026266423
89 185 4194931719958433076375026266423
185 113 -104566453238983725344123235418
113 185 -104566453238983725344123235418
185 137 320226321020708968609261216
137 185 320226321020708968609261216
185 161 -41215372065340872508592
161 185 -41215372065340872508592
185 185 37476407857742771
184 22 1975194163165427449349744059173
22 184 1975194163165427449349744059173
184 46 1024568689678617501461801364416769
46 184 1024568689678617501461801364416769
184 70 -206796341694633913070475556544138
70 184 -206796341694633913070475556544138
184 94 5968672037154951733298823985605
94 184 5968672037154951733298823985605
184 118 -75303369666138252721922334389
118 184 -75303369666138252721922334389
184 142 132704550015696426696885353
142 184 132704550015696426696885353
184 166 22574208974350430292499
166 184 22574208974350430292499
183 3 1107001467393600
3 183 1107001467393600
183 27 19548928926655413116803018690613
27 183 19548928926655413116803018690613
183 51 3643383836656100876880271857088094
51 183 3643383836656100876880271857088094
183 75 -317158453373337104570967011828857
75 183 -317158453373337104570967011828857
183 99 17090169848884559846945450716287
99 183 17090169848884559846945450716287
183 123 -88164516812650421114081650392
123 183 -88164516812650421114081650392
183 147 186534233331177925102495868
147 183 186534233331177925102495868
183 171 -3719462512093382169202
171 183 -3719462512093382169202
182 8 102361776530382346728624
8 182 102361776530382346728624
182 32 -101562629527139901238226939057082
32 182 -101562629527139901238226939057082
182 56 6559514788140734559817787183432037
56 182 6559514788140734559817787183432037
182 80 -234059005625511520771126349384709
80 182 -234059005625511520771126349384709
182 104 27506720864509872044312445532733
104 182 27506720864509872044312445532733
182 128 -62624597700489439147922597171
128 182 -62624597700489439147922597171
182 152 134036309263821844531326371
152 182 134036309263821844531326371
182 176 -814298688549872758867
176 182 -814298688549872758867
181 13 15574273642081937161768491616
13 181 15574273642081937161768491616
181 37 -1679289158885464300210596102437406
37 181 -1679289158885464300210596102437406
181 61 9387230381014543188241217744826934
61 181 9387230381014543188241217744826934
181 85 -598406142608053736063240879602991
85 181 -598406142608053736063240879602991
181 109 32841609998284730813065919945042
109 181 32841609998284730813065919945042
181 133 -22762625823069096608825883667
133 181 -22762625823069096608825883667
181 157 45238597447201200259720314
157 181 45238597447201200259720314
181 181 -72456085313302359389
180 18 24939301474480198107385979234560
18 180 24939301474480198107385979234560
180 42 -4574274377918774515192120004839772
42 180 -4574274377918774515192120004839772
180 66 9727434883323116245490470461050580
66 180 9727434883323116245490470461050580
180 90 -1598014658071986610112182842578370
90 180 -1598014658071986610112182842578370
180 114 27735539686055784155379586400192
114 180 27735539686055784155379586400192
180 138 3111366202787855695537021551
138 180 3111366202787855695537021551
180 162 15175984696526374102348178
162 180 15175984696526374102348178
179 23 498227491814502539707169756052196
23 179 498227491814502539707169756052196
179 47 -37323499018883123588435570085232980
47 179 -37323499018883123588435570085232980
179 71 11238716522720169288812978629156174
71 179 11238716522720169288812978629156174
179 95 -3069540056765045148008059473868967
95 179 -3069540056765045148008059473868967
179 119 17036649894421417299723473131696
119 179 17036649894421417299723473131696
179 143 20983272253945078811130517148
143 179 20983272253945078811130517148
179 167 807462868183665206996372
167 179 807462868183665206996372
178 4 25976445792781353216
4 178 25976445792781353216
178 28 13904909165573655948019925019550843
28 178 13904909165573655948019925019550843
178 52 -46373814685442272944540775078124976
52 178 -46373814685442272944540775078124976
178 76 44126996538093212248661171283347358
76 178 44126996538093212248661171283347358
178 100 -3811092824291838123622025325485015
100 178 -3811092824291838123622025325485015
178 124 4799915502380906128131601292756
124 178 4799915502380906128131601292756
178 148 25795135860512714855187441515
148 178 25795135860512714855187441515
178 172 398347128574201095389666
172 178 398347128574201095389666
177 9 -1277112587503536075341742464
9 177 -1277112587503536075341742464
177 33 76419710142891837252873525989355980
33 177 76419710142891837252873525989355980
177 57 -31443210623981846219162754693019604
57 177 -31443210623981846219162754693019604
177 81 90608293651817673452638776058795752
81 177 90608293651817673452638776058795752
177 105 -3128593856407358725689408856249265
105 177 -3128593856407358725689408856249265
177 129 -59276585165428138772951672449
129 177 -59276585165428138772951672449
177 153 10753872386476458702032026897
153 177 10753872386476458702032026897
177 177 33046000711212782275383
176 14 31603106610646839189595904946768
14 176 31603106610646839189595904946768
176 38 -259488555284704801004022620931928394
38 176 -259488555284704801004022620931928394
176 62 -63452435989819251709812422310960873
62 176 -63452435989819251709812422310960873
176 86 167178494308755100027925033231938107
86 176 167178494308755100027925033231938107
176 110 -1769487411351084054364279412693820
110 176 -1769487411351084054364279412693820
176 134 -792512403169537613572031564499
134 176 -792512403169537613572031564499
176 158 2676920367649299858048141578
158 176 2676920367649299858048141578
175 19 -1992909967258010158828679024208784
19 175 -1992909967258010158828679024208784
175 43 343893829067483625794432686720569244
43 175 343893829067483625794432686720569244
175 67 -726145916421755626907746416853939645
67 175 -726145916421755626907746416853939645
175 91 187738392391565039410030333844575146
91 175 187738392391565039410030333844575146
175 115 -435261896618384098670533327529382
115 175 -435261896618384098670533327529382
175 139 475633244893489272784004039761
139 175 475633244893489272784004039761
175 163 160038398296562622777351128
163 175 160038398296562622777351128
174 24 26287524332264516281517895105123096
24 174 26287524332264516281517895105123096
174 48 1137558207371797396110268153701923292
48 174 1137558207371797396110268153701923292
174 72 -1964093078758473913373698916104194136
72 174 -1964093078758473913373698916104194136
174 96 159431181611623541797799429103097740
96 174 159431181611623541797799429103097740
174 120 -66256449729148744879434088721654
120 174 -66256449729148744879434088721654
174 144 1588194475868054213270934314659
144 174 1588194475868054213270934314659
174 168 14676415376714490076372767
168 174 14676415376714490076372767
173 5 290388566584400681872384
5 173 290388566584400681872384
173 29 424919747983585590673082523056898472
29 173 424919747983585590673082523056898472
173 53 -225904045616238445500909937166743743
53 173 -225904045616238445500909937166743743
173 77 -4451790777132556527613032040167431930
77 173 -4451790777132556527613032040167431930
173 101 89807110601204215078364411360486924
101 173 89807110601204215078364411360486924
173 125 -129388140556445933043689136657757
125 173 -129388140556445933043689136657757
173 149 928748094923254463826272952328
149 173 928748094923254463826272952328
173 173 781594223912004975573337
172 10 2864989331968375294463435132160
10 172 2864989331968375294463435132160
172 34 7613162196006103482672123367438830557
34 172 7613162196006103482672123367438830557
172 58 1960117439569660093702464008498564740
58 172 1960117439569660093702464008498564740
172 82 -5359713547447023548313909223528386198
82 172 -5359713547447023548313909223528386198
172 106 24415818087554831540544921590800207
106 172 24415818087554831540544921590800207
172 130 -195659749606375010973318707479170
130 172 -195659749606375010973318707479170
172 154 228230204782681798338475133040
154 172 228230204782681798338475133040
171 15 -1251131451305946439475393196199232
15 171 -1251131451305946439475393196199232
171 39 -10903059315076244989635183429292779605
39 171 -10903059315076244989635183429292779605
171 63 7636094291335669962544809560236794800
63 171 7636094291335669962544809560236794800
171 87 -4700815480914920669970620170764255065
87 171 -4700815480914920669970620170764255065
171 111 -6508269347263091648468923172518772
111 171 -6508269347263091648468923172518772
171 135 -155655952000162136481630480723412
135 171 -155655952000162136481630480723412
171 159 -12440231107098338664578649578
159 171 -12440231107098338664578649578
170 20 222478546649178495168318800312813488
20 170 222478546649178495168318800312813488
170 44 -17485212686478035823018720849431674697
44 170 -17485212686478035823018720849431674697
170 68 43599697699624365056511374937894555893
68 170 43599697699624365056511374937894555893
170 92 -2011015719681425272096175400681886160
92 170 -2011015719681425272096175400681886160
170 116 -9509305528225347751668841199720250
116 170 -9509305528225347751668841199720250
170 140 -21404474009930496936290786414907
140 170 -21404474009930496936290786414907
170 164 -8554939395556958369657970275
164 170 -8554939395556958369657970275
169 1 -867304521728
1 169 -867304521728
169 25 -1699678991934342362692330092227593888
25 169 -1699678991934342362692330092227593888
169 49 -22422891548834937647815184553439073385
49 169 -22422891548834937647815184553439073385
169 73 66774201656817676801159219149739511964
73 169 66774201656817676801159219149739511964
169 97 273070609722074624318785545412837425
97 169 273070609722074624318785545412837425
169 121 -7600184884120638362951644460851838
121 169 -7600184884120638362951644460851838
169 145 23216825478735343449771584031240
145 169 23216825478735343449771584031240
169 169 -800283839074105537184333534
168 6 1334399380980096853737324544
6 168 1334399380980096853737324544
168 30 -2918321796370254868021235096878985320
30 168 -2918321796370254868021235096878985320
168 54 135955281416268989683078096959378544792
54 168 135955281416268989683078096959378544792
168 78 76097057829816195685475180311383536872
78 168 76097057829816195685475180311383536872
168 102 1305675736762201553718679051558225296
102 168 1305675736762201553718679051558225296
168 126 -2299800297640928981644609820638964
126 168 -2299800297640928981644609820638964
168 150 14157546959155732683092738482004
150 168 14157546959155732683092738482004
167 11 -918505660594773354436650649628672
11 167 -918505660594773354436650649628672
167 35 113572597378221909065330255182023483036
35 167 113572597378221909065330255182023483036
167 59 -166750190447222116065564517375826434792
59 167 -166750190447222116065564517375826434792
167 83 36743041278617251853631264002702362806
83 167 36743041278617251853631264002702362806
167 107 895203185216341085400928337167162384
107 167 895203185216341085400928337167162384
167 131 -2260169892412648758614758564804392
131 167 -2260169892412648758614758564804392
167 155 1457075657872255881432257892507
155 167 1457075657872255881432257892507
166 16 -26000033158947814716986096398612992
16 166 -26000033158947814716986096398612992
166 40 439115589602925263615426172783642545283
40 166 439115589602925263615426172783642545283
166 64 -456586816690496591753300142634228680518
64 166 -456586816690496591753300142634228680518
166 88 -4784102227444416409997090318337203094
88 166 -4784102227444416409997090318337203094
166 112 452486971863480408789406942194297722
112 166 452486971863480408789406942194297722
166 136 -616452268535122159306055213125809
136 166 -616452268535122159306055213125809
166 160 -408932990702732015299251678095
160 166 -408932990702732015299251678095
165 21 -4890861449145077584183905663318782720
21 165 -4890861449145077584183905663318782720
165 45 -1101300173846564282048349064291822764126
45 165 -1101300173846564282048349064291822764126
165 69 -813983824045866849925505658934771100022
69 165 -813983824045866849925505658934771100022
165 93 -33009772871916504824601625382552302393
93 165 -33009772871916504824601625382552302393
165 117 14223644784982907126291953814481458
117 165 14223644784982907126291953814481458
165 141 364995890374290209716842312147512
141 165 364995890374290209716842312147512
165 165 -122664940418786664819515913866
164 2 716004543871320064
2 164 716004543871320064
164 26 121810595136097655722753973879021288912
26 164 121810595136097655722753973879021288912
164 50 -921462862209009774991524200424767355325
50 164 -921462862209009774991524200424767355325
164 74 -403054890452479416621522576265237182631
74 164 -403054890452479416621522576265237182631
164 98 -24566928920017988979986268250589437188
98 164 -24566928920017988979986268250589437188
164 122 -10521148457197059442346766642670488
122 164 -10521148457197059442346766642670488
164 146 423277376551036647588093665265084
146 164 423277376551036647588093665265084
163 7 1890794537749311370172945989632
7 163 1890794537749311370172945989632
163 31 -454290389512887636261321020728093932144
31 163 -454290389512887636261321020728093932144
163 55 883488610843464660865801677839262320008
55 163 883488610843464660865801677839262320008
163 79 43052782017894081347117041236327724639
79 163 43052782017894081347117041236327724639
163 103 -14097875331682996186891853092056583784
103 163 -14097875331682996186891853092056583784
163 127 -35034777388312857112548810974856260
127 163 -35034777388312857112548810974856260
163 151 105965368145312637781149935770848
151 163 105965368145312637781149935770848
162 12 71818547416326919081322526213816320
12 162 71818547416326919081322526213816320
162 36 301976809171478525866599916183836780800
36 162 301976809171478525866599916183836780800
162 60 7515156737259786991290936477187298177768
60 162 7515156737259786991290936477187298177768
162 84 511076713583345999915358328212769014148
84 162 511076713583345999915358328212769014148
162 108 -382139642046663746593684767131804184
108 162 -382139642046663746593684767131804184
162 132 -26698298199518774537813289452025952
132 162 -26698298199518774537813289452025952
162 156 11097428645843199845665589557926
156 162 11097428645843199845665589557926
161 17 1719592098698715443415650408895903744
17 161 1719592098698715443415650408895903744
161 41 6520178923919480296334341943415858056568
41 161 6520178923919480296334341943415858056568
161 65 4902344076868299025106529277749074311332
65 161 4902344076868299025106529277749074311332
161 89 354866364959389561518995023479394978608
89 161 354866364959389561518995023479394978608
161 113 888976815016275637109799388102612700
113 161 888976815016275637109799388102612700
161 137 -11351039217127470564575669084868946
137 161 -11351039217127470564575669084868946
161 161 -987296680328127904530409287608
160 22 -66429070152884429057029790958573668864
22 160 -66429070152884429057029790958573668864
160 46 8683008290074243721109799271056984826573
46 160 8683008290074243721109799271056984826573
160 70 457475748531257375829141156211944366810
70 160 457475748531257375829141156211944366810
160 94 232433003541045822972377788293953042101
94 160 232433003541045822972377788293953042101
160 118 1871543170397681604019465010061046690
118 160 1871543170397681604019465010061046690
160 142 2095703214843277021981050747543714
142 160 2095703214843277021981050747543714
159 3 -67311052827156686569472
3 159 -67311052827156686569472
159 27 697795796164879679336651739474737894720
27 159 697795796164879679336651739474737894720
159 51 -34858772248264889555743337485596250500599
51 159 -34858772248264889555743337485596250500599
159 75 -6849698721108336705407146843156383641184
75 159 -6849698721108336705407146843156383641184
159 99 -6133119168708960025538386161624047886
99 159 -6133119168708960025538386161624047886
159 123 1177935745289754162449155436680482460
123 159 1177935745289754162449155436680482460
159 147 996797013633267934942974069412946
147 159 996797013633267934942974069412946
158 8 414673447215276249175773028089856
8 158 414673447215276249175773028089856
158 32 7025849433646804217846818764538280724528
32 158 7025849433646804217846818764538280724528
158 56 -49116871651356839734538235566993137302356
56 158 -49116871651356839734538235566993137302356
158 80 -4196129644346321029540591829960442328845
80 158 -4196129644346321029540591829960442328845
158 104 -9203916372999557824894773058472603724
104 158 -9203916372999557824894773058472603724
158 128 504043965853554671258245779363698190
128 158 504043965853554671258245779363698190
158 152 206551046581157516015776418416486
152 158 206551046581157516015776418416486
157 13 -2883800562075888004610357794589802496
13 157 -2883800562075888004610357794589802496
157 37 -26080715695677921185337367773663432226272
37 157 -26080715695677921185337367773663432226272
157 61 -28361010538010486149589727452763221261516
61 157 -28361010538010486149589727452763221261516
157 85 -2397258735706368154012456428176430611842
85 157 -2397258735706368154012456428176430611842
157 109 -41258451135913874410578780361799637380
109 157 -41258451135913874410578780361799637380
157 133 -43103825383042613336894836196567706
133 157 -43103825383042613336894836196567706
157 157 65609687890896218259393022691542
156 18 -18736227851955300414226923539823706112
18 156 -18736227851955300414226923539823706112
156 42 6482459391715564106070152188469838551872
42 156 6482459391715564106070152188469838551872
156 66 62977573585447584380188503828025572648936
66 156 62977573585447584380188503828025572648936
156 90 943496168881817826416891757278535328564
90 156 943496168881817826416891757278535328564
156 114 -27920859953463697943957962736323804152
114 156 -27920859953463697943957962736323804152
156 138 6792680196493476225625500337836482
138 156 6792680196493476225625500337836482
155 23 -352147280965103232813499071201862905856
23 155 -352147280965103232813499071201862905856
155 47 184861573067483219173070856403623952557172
47 155 184861573067483219173070856403623952557172
155 71 57342720929742723551973916056086298457752
71 155 57342720929742723551973916056086298457752
155 95 62575228924532206378336807551379609582
95 155 62575228924532206378336807551379609582
155 119 -14462517827067798718874680920456010152
119 155 -14462517827067798718874680920456010152
155 143 6545206878339221720342430971109088
143 155 6545206878339221720342430971109088
154 4 1166119897658992785337876480
4 154 1166119897658992785337876480
154 28 -4476214447738377170692792537454508722432
28 154 -4476214447738377170692792537454508722432
154 52 275728859996132051839949235044931110022483
52 154 275728859996132051839949235044931110022483
154 76 29188270174158164567200560015171376729812
76 154 29188270174158164567200560015171376729812
154 100 432519105423297383402428095389837371123
100 154 432519105423297383402428095389837371123
154 124 1760401935291356151913376590445145817
124 154 1760401935291356151913376590445145817
154 148 20917233299172502089287455679497
148 154 20917233299172502089287455679497
153 9 -32726853149843571737733310650253312
9 153 -32726853149843571737733310650253312
153 33 70483211126180114051094340114676656904064
33 153 70483211126180114051094340114676656904064
153 57 -185335627421998643392966558750618858219592
57 153 -185335627421998643392966558750618858219592
153 81 -24536098773244166805653170093553891135492
81 153 -24536098773244166805653170093553891135492
153 105 283257293039252573830018804075511177024
105 153 283257293039252573830018804075511177024
153 129 585820651323564138689301178380234081
129 153 585820651323564138689301178380234081
153 153 106126819889514234847719612277978
152 14 67146133646777876575800614218417373184
14 152 67146133646777876575800614218417373184
152 38 138928132641187899537756788336911757225168
38 152 138928132641187899537756788336911757225168
152 62 -455439548463641349156698803413687291306260
62 152 -455439548463641349156698803413687291306260
152 86 -9360206151846223588679690016059006526567
86 152 -9360206151846223588679690016059006526567
152 110 274537195274389792919814407895762441780
110 152 274537195274389792919814407895762441780
152 134 488847746440180850254499761320180769
134 152 488847746440180850254499761320180769
151 19 611508207925381096872928380276457144320
19 151 611508207925381096872928380276457144320
151 43 -739446292269932876692283425614495810228688
43 151 -739446292269932876692283425614495810228688
151 67 -386888000584580215170063813973638192495416
67 151 -386888000584580215170063813973638192495416
151 91 -4234559458436820690500236792050510256135
91 151 -4234559458436820690500236792050510256135
151 115 -25020844516976871496165729816473327528
115 151 -25020844516976871496165729816473327528
151 139 181502160748830845960673682223085977
139 151 181502160748830845960673682223085977
150 24 4659438417394882134467658357563077804032
24 150 4659438417394882134467658357563077804032
150 48 -735771533128483915604329782031138795972068
48 150 -735771533128483915604329782031138795972068
150 72 192335744456524414811021577997818193045912
72 150 192335744456524414811021577997818193045912
150 96 1463638338846367375334369677315974032880
96 150 1463638338846367375334369677315974032880
150 120 -11386473742403659614657102497496102672
120 150 -11386473742403659614657102497496102672
150 144 89384788360294708596946619544273831
144 150 89384788360294708596946619544273831
149 5 -3746872779881870506844936470528
5 149 -3746872779881870506844936470528
149 29 22961040946006976151362748982721611146240
29 149 22961040946006976151362748982721611146240
149 53 1154927292363880465183244899752244234099228
53 149 1154927292363880465183244899752244234099228
149 77 215209997221238047198471841662659953959467
77 149 215209997221238047198471841662659953959467
149 101 -2725613159055565485832790361942037223547
101 149 -2725613159055565485832790361942037223547
149 125 -15800855457164637088607532696383628980
125 149 -15800855457164637088607532696383628980
149 149 28742074480235325735820629787050592
148 10 959804279880809115249462867609518080
10 148 959804279880809115249462867609518080
148 34 -235894492725506502397830195308740442963200
34 148 -235894492725506502397830195308740442963200
148 58 2592908987222661233131318260742955378910969
58 148 2592908987222661233131318260742955378910969
148 82 106237813092851017141974047017564552918680
82 148 106237813092851017141974047017564552918680
148 106 203398342836208555434576826209090390050
106 148 203398342836208555434576826209090390050
148 130 239967484800585190139047134475043649
130 148 239967484800585190139047134475043649
147 15 -955091212476376908268901985704501313536
15 147 -955091212476376908268901985704501313536
147 39 2230961423888952931567573599078160032038336
39 147 2230961423888952931567573599078160032038336
147 63 366053912091639878070968932506957159344299
63 147 366053912091639878070968932506957159344299
147 87 -58724641571797039191817991054658510656902
87 147 -58724641571797039191817991054658510656902
147 111 -7533101854420507984216522285705335728
111 147 -7533101854420507984216522285705335728
147 135 -1522457945474002819085794443818853198
135 147 -1522457945474002819085794443818853198
146 20 -3039154319225144799693424235519998427136
20 146 -3039154319225144799693424235519998427136
146 44 4411661759938112829439187760718897760359728
44 146 4411661759938112829439187760718897760359728
146 68 -1468658425594607913630161183431884545135343
68 146 -1468658425594607913630161183431884545135343
146 92 -6018704462346711062106970080312196080095
92 146 -6018704462346711062106970080312196080095
146 116 392519548449100364743073138001457348016
116 146 392519548449100364743073138001457348016
146 140 -542298310600670274228745407406368591
140 146 -542298310600670274228745407406368591
145 1 10444165724766208
1 145 10444165724766208
145 25 3701211883376450691086908410539929485312
25 145 3701211883376450691086908410539929485312
145 49 -4619709169455521860732979599008976936396912
49 145 -4619709169455521860732979599008976936396912
145 73 -1581994010572775178085148104361361326800963
73 145 -1581994010572775178085148104361361326800963
145 97 -4645497862741991877237190585873584081020
97 145 -4645497862741991877237190585873584081020
145 121 -64787214539276407092886983915805600254
121 145 -64787214539276407092886983915805600254
145 145 432533877925138406973605355244893370
144 6 1794061780215776651446078922555392
6 144 1794061780215776651446078922555392
144 30 556872832681037781741887885145614519468032
30 144 556872832681037781741887885145614519468032
144 54 -8931001689272127903068568934887907196698980
54 144 -8931001689272127903068568934887907196698980
144 78 159031446690730991110193334960299299053028
78 144 159031446690730991110193334960299299053028
144 102 9151720634293362007483426819312605848256
102 144 9151720634293362007483426819312605848256
144 126 43183269106498682297264992973177676120
126 144 43183269106498682297264992973177676120
143 11 -2702142711101174064271743610645381120
11 143 -2702142711101174064271743610645381120
143 35 -904692337503707812726580918107404615688192
35 143 -904692337503707812726580918107404615688192
143 59 -516367239306045305220114032572288487435108
59 143 -516367239306045305220114032572288487435108
143 83 320296568524470155926589964467733003709780
83 143 320296568524470155926589964467733003709780
143 107 -3354236426607805553874855704544648626708
107 143 -3354236426607805553874855704544648626708
143 131 16336805031142651807832842308035337474
131 143 16336805031142651807832842308035337474
142 16 6878149778489458881795496013654431629312
16 142 6878149778489458881795496013654431629312
142 40 -12573919142747350972041788305150243149403136
40 142 -12573919142747350972041788305150243149403136
142 64 8791130741554518317003979118159122668315495
64 142 8791130741554518317003979118159122668315495
142 88 245379323352140834209717440954025786618879
88 142 245379323352140834209717440954025786618879
142 112 2192958045000874199549316749534495202046
112 142 2192958045000874199549316749534495202046
142 136 -10195098441677822696528162034813814018
136 142 -10195098441677822696528162034813814018
141 21 8242649005813097095276201166246931070976
21 141 8242649005813097095276201166246931070976
141 45 11861480155007913177149859760039606926053888
45 141 11861480155007913177149859760039606926053888
141 69 4787099950942946826454325498365549619797238
69 141 4787099950942946826454325498365549619797238
141 93 -115846572154314184535801718499475743278365
93 141 -115846572154314184535801718499475743278365
141 117 -779725599901802155449519236317844827258
117 141 -779725599901802155449519236317844827258
141 141 -2669158447093831202108888947076043574
140 2 67871711873603924393984
2 140 67871711873603924393984
140 26 128458256519637243900884681260961938800640
26 140 128458256519637243900884681260961938800640
140 50 41486543795562579730101092171887286062575504
50 140 41486543795562579730101092171887286062575504
140 74 -1107466002385461811754177066413016878881363
74 140 -1107466002385461811754177066413016878881363
140 98 -1551302774679839794577547375744234097832
98 140 -1551302774679839794577547375744234097832
140 122 -87715401926141730719104421306244262056
122 140 -87715401926141730719104421306244262056
139 7 -163132736936004947050273052811067392
7 139 -163132736936004947050273052811067392
139 31 2732035120287287149618209052685540307632128
31 139 2732035120287287149618209052685540307632128
139 55 2065468957224181220880456130289153949740432
55 139 2065468957224181220880456130289153949740432
139 79 -3312750201854265642396017441640423398374588
79 139 -3312750201854265642396017441640423398374588
139 103 -40491578964502577409862487659936572885726
103 139 -40491578964502577409862487659936572885726
139 127 155989521859670252970883826663081774876
127 139 155989521859670252970883826663081774876
138 12 -340212479290945690174600348989053206528
12 138 -340212479290945690174600348989053206528
138 36 30782081995816087516327675810559173336137728
36 138 30782081995816087516327675810559173336137728
138 60 -33831216782921377605254658904121435218008128
60 138 -33831216782921377605254658904121435218008128
138 84 -66631775916333716624459869413799327546212
84 138 -66631775916333716624459869413799327546212
138 108 18317276710177527749965892247836573397896
108 138 18317276710177527749965892247836573397896
138 132 96457555558085986975644204849278504100
132 138 96457555558085986975644204849278504100
137 17 -39372897936010822552612892551998588583936
17 137 -39372897936010822552612892551998588583936
137 41 29041674790922737817179880911629538571792384
41 137 29041674790922737817179880911629538571792384
137 65 -21686725767273866143045909009302309603107032
65 137 -21686725767273866143045909009302309603107032
137 89 226890505742488376441151362449846200257590
89 137 226890505742488376441151362449846200257590
137 113 991904322547119078617313478542786187232
113 137 991904322547119078617313478542786187232
137 137 43584993553504131866019848629758495194
136 22 -66534701520460711680868270537138108366848
22 136 -66534701520460711680868270537138108366848
136 46 -116592524406692185384114893673903946574402560
46 136 -116592524406692185384114893673903946574402560
136 70 10217797525074621064763475297977320604700681
70 136 10217797525074621064763475297977320604700681
136 94 686827576128020858975112354990503964359735
94 136 686827576128020858975112354990503964359735
136 118 1235691161662856604995537485304052677352
118 136 1235691161662856604995537485304052677352
135 3 8939649521732786346222682112
3 135 8939649521732786346222682112
135 27 -2001756301907897866661346557358714336051200
27 135 -2001756301907897866661346557358714336051200
135 51 -23427450373864952196542011680445258198035136
51 135 -23427450373864952196542011680445258198035136
135 75 9735011925520962596222109609502393492754705
75 135 9735011925520962596222109609502393492754705
135 99 -162105338537851720283444821628589004992034
99 135 -162105338537851720283444821628589004992034
135 123 -1497600613496536553126263368586757681958
123 135 -1497600613496536553126263368586757681958
134 8 7366054789446688287385829205786755072
8 134 7366054789446688287385829205786755072
134 32 -29922873618628384637144278147676810806427648
32 134 -29922873618628384637144278147676810806427648
134 56 140658091864872293072063665890545962693047920
56 134 140658091864872293072063665890545962693047920
134 80 1762041844821004629658490919699133680595786
80 134 1762041844821004629658490919699133680595786
134 104 -1478571444848723442546684988939014630222
104 134 -1478571444848723442546684988939014630222
134 128 -966855584774195385560685749161393221790
128 134 -966855584774195385560685749161393221790
133 13 7523553049783466811208548888278005186560
13 133 7523553049783466811208548888278005186560
133 37 -80320005355410211227345375686640833516863488
37 133 -80320005355410211227345375686640833516863488
133 61 86746903069095464572183636037209238412428128
61 133 86746903069095464572183636037209238412428128
133 85 -5359587729899532436797245149184319431786434
85 133 -5359587729899532436797245149184319431786434
133 109 -78292705811682937107520660660507251113652
109 133 -78292705811682937107520660660507251113652
133 133 394014658304741257552098034973078376678
132 18 163199276163446719043702648866665167585280
18 132 163199276163446719043702648866665167585280
132 42 257956141405993305621252111679592745570041856
42 132 257956141405993305621252111679592745570041856
132 66 -28120766813805423015018334552808135407729408
66 132 -28120766813805423015018334552808135407729408
132 90 510550048304456664400486774396983389447196
90 132 510550048304456664400486774396983389447196
132 114 18359780801697826740276253897912730797096
114 132 18359780801697826740276253897912730797096
131 23 3045676721831435312961668427196146468782080
23 131 3045676721831435312961668427196146468782080
131 47 396173312598610140334145345509005509115305984
47 131 396173312598610140334145345509005509115305984
131 71 -59728483781984467897541274153047959901898476
71 131 -59728483781984467897541274153047959901898476
131 95 167664059522653467967296494948537204004532
95 131 167664059522653467967296494948537204004532
131 119 12747991931755911493511037627483740753596
119 131 12747991931755911493511037627483740753596
130 4 61040328197173601199196058157056
4 130 61040328197173601199196058157056
130 28 45717596615081318213496471486877721840058368
28 130 45717596615081318213496471486877721840058368
130 52 -375976556952219625889321262958562443554647808
52 130 -375976556952219625889321262958562443554647808
130 76 -1324093084310917467964872202121289478864105
76 130 -1324093084310917467964872202121289478864105
130 100 1417040445195090028303408605186133941055508
100 130 1417040445195090028303408605186133941055508
130 124 -4130040915785407504030796004818691820016
124 130 -4130040915785407504030796004818691820016
129 9 -188401003208962478652619931784843362304
9 129 -188401003208962478652619931784843362304
129 33 213380975570679719506871755455796635244167168
33 129 213380975570679719506871755455796635244167168
129 57 -306374396860348596893076831895395175667023232
57 129 -306374396860348596893076831895395175667023232
129 81 6432925340576424641647816175376450227154164
81 129 6432925340576424641647816175376450227154164
129 105 -205266537071317964096876462230990626612264
105 129 -205266537071317964096876462230990626612264
129 129 -1641715265872096994400994620006670094160
128 14 -55511470281930867208137466157779468156928
14 128 -55511470281930867208137466157779468156928
128 38 29981130655744483382338594813505986023260160
38 128 29981130655744483382338594813505986023260160
128 62 163484760401193937036215604767637129675210896
62 128 163484760401193937036215604767637129675210896
128 86 5454635025506053514535264355316983566772090
86 128 5454635025506053514535264355316983566772090
128 110 -122358712040251181443066157738970282829754
110 128 -122358712040251181443066157738970282829754
127 19 -754217498657780750859926904258948115726336
19 127 -754217498657780750859926904258948115726336
127 43 -939503139712904782675540640662917913931808768
43 127 -939503139712904782675540640662917913931808768
127 67 238913935127937871590165096612191839607593904
67 127 238913935127937871590165096612191839607593904
127 91 -10993292345990350892498466427721758012092364
91 127 -10993292345990350892498466427721758012092364
127 115 -29727944698592304875345110687259019086578
115 127 -29727944698592304875345110687259019086578
126 24 -32952013826435928675035835434445943525605376
24 126 -32952013826435928675035835434445943525605376
126 48 787807209293924003065944383479063318716055552
48 126 787807209293924003065944383479063318716055552
126 72 44960552152194007372639038926844999042154280
72 126 44960552152194007372639038926844999042154280
126 96 1321507144627432883137677803399062158023908
96 126 1321507144627432883137677803399062158023908
126 120 14020911064666282881804710520724155801904
120 126 14020911064666282881804710520724155801904
125 5 12290388866444812766837652393558016
5 125 12290388866444812766837652393558016
125 29 -280071301105997009077809317516629033988653056
29 125 -280071301105997009077809317516629033988653056
125 53 1619961866826521782359191658866033998644186112
53 125 1619961866826521782359191658866033998644186112
125 77 -64835946606933930874199530148259283551363304
77 125 -64835946606933930874199530148259283551363304
125 101 376033422508048024314458025151897925294353
101 125 376033422508048024314458025151897925294353
125 125 20580335655888694949723431223255482257364
124 10 3076668764501810921860070648515334766592
10 124 3076668764501810921860070648515334766592
124 34 -422633684811099056763329656929897344014483456
34 124 -422633684811099056763329656929897344014483456
124 58 -283511296610678223809069329001732320993628928
58 124 -283511296610678223809069329001732320993628928
124 82 21107380636436524502371142451298419898797905
82 124 21107380636436524502371142451298419898797905
124 106 1296786969461549802596786967660247476126376
106 124 1296786969461549802596786967660247476126376
123 15 340546296222105935628908856724946491015168
15 123 340546296222105935628908856724946491015168
123 39 1795607421546223817302251102052387033234538496
39 123 1795607421546223817302251102052387033234538496
123 63 -623040763233341606158215015008153183536301120
63 123 -623040763233341606158215015008153183536301120
123 87 6456853557576737304217893631323227557292751
87 123 6456853557576737304217893631323227557292751
123 111 -200476890469988872946125698360158669686992
111 123 -200476890469988872946125698360158669686992
122 20 11845250437613472800474146902939453251125248
20 122 11845250437613472800474146902939453251125248
122 44 1912882474133629473076055901154271345364959232
44 122 1912882474133629473076055901154271345364959232
122 68 -21185489348974679487437955233940631661825680
68 122 -21185489348974679487437955233940631661825680
122 92 11424084127227203220438149987267843695775567
92 122 11424084127227203220438149987267843695775567
122 116 -311141134448390992809204191305280595007838
116 122 -311141134448390992809204191305280595007838
121 1 -18181288981415591936
1 121 -18181288981415591936
121 25 298754621819043045983895211811238726619627520
25 121 298754621819043045983895211811238726619627520
121 49 -3526000594472764165299762653801020685671907328
49 121 -3526000594472764165299762653801020685671907328
121 73 259343786427735723496798120593037134205453216
73 121 259343786427735723496798120593037134205453216
121 97 -16551981712589848312641473797058056056573033
97 121 -16551981712589848312641473797058056056573033
121 121 29046861341080867843649397242729269454312
120 6 -1486323882056088555840689143069802496
6 120 -1486323882056088555840689143069802496
120 30 1276696776175317555313485162723028856945508352
30 120 1276696776175317555313485162723028856945508352
120 54 651392805645234139587351899997385928921202688
54 120 651392805645234139587351899997385928921202688
120 78 120874451630392358736112410601859574995601832
78 120 120874451630392358736112410601859574995601832
120 102 -366896808458726690655247034319931785763760
102 120 -366896808458726690655247034319931785763760
119 11 -29983544246587040852682556832204204277760
11 119 -29983544246587040852682556832204204277760
119 35 -180576455828781216970538394525694320764256256
35 119 -180576455828781216970538394525694320764256256
119 59 3392256206698768017813521860239793559935578112
59 119 3392256206698768017813521860239793559935578112
119 83 -68998271013364866884322845141836718187001748
83 119 -68998271013364866884322845141836718187001748
119 107 1124473889324581959834690397843151421791952
107 119 1124473889324581959834690397843151421791952
118 16 -1005275774495852004983212371691194877476864
16 118 -1005275774495852004983212371691194877476864
118 40 -4399960837950087919871555618692600775410974720
40 118 -4399960837950087919871555618692600775410974720
118 64 451082712274177185192573675442978222232521216
64 118 451082712274177185192573675442978222232521216
118 88 70213906692449245293552176391505040770332047
88 118 70213906692449245293552176391505040770332047
118 112 380309743784112186326653322374458013597196
112 118 380309743784112186326653322374458013597196
117 21 -97289914495230329608472737018498881995931648
21 117 -97289914495230329608472737018498881995931648
117 45 6431991076813318863101144621004591237822414848
45 117 6431991076813318863101144621004591237822414848
117 69 -411707221796891177065460235224092814537866496
69 117 -411707221796891177065460235224092814537866496
117 93 11481449711324415854836972996840923216771170
93 117 11481449711324415854836972996840923216771170
117 117 -169302229867663427288641595381585181699060
116 2 359648237528657928373927936
2 116 359648237528657928373927936
116 26 -1438737150138319402034382253560448278004236288
26 116 -1438737150138319402034382253560448278004236288
116 50 6962401318853084259416411145343110540078612480
50 116 6962401318853084259416411145343110540078612480
116 74 337718090182984392037938279220774718380766480
74 116 337718090182984392037938279220774718380766480
116 98 2767412070623908799702466093778019313947115
98 116 2767412070623908799702466093778019313947115
115 7 75460178673518338337217678591341363200
7 115 75460178673518338337217678591341363200
115 31 -2465783760113111262699088402105448498026512384
31 115 -2465783760113111262699088402105448498026512384
115 55 -5247738978704919034701249977839337532781035520
55 115 -5247738978704919034701249977839337532781035520
115 79 275993084053459467537291380567346872748006992
79 115 275993084053459467537291380567346872748006992
115 103 -13183495594662768286157504498887946907685072
103 115 -13183495594662768286157504498887946907685072
114 12 150013107324467462915489355515057961697280
12 114 150013107324467462915489355515057961697280
114 36 8574444416357929843315948389824519708468051968
36 114 8574444416357929843315948389824519708468051968
114 60 -272923754153302903293787625118922045629284352
60 114 -272923754153302903293787625118922045629284352
114 84 230125262302532512977107801275939079746519296
84 114 230125262302532512977107801275939079746519296
114 108 -2652206934433156580324346551919403061848400
108 114 -2652206934433156580324346551919403061848400
113 17 10280539248908411770408941462660479235129344
17 113 10280539248908411770408941462660479235129344
113 41 10054831904208162773847062046526115620971347968
41 113 10054831904208162773847062046526115620971347968
113 65 5488217835417121215280379032764743098149308416
65 113 5488217835417121215280379032764743098149308416
113 89 -105432885746279959960152600707917300317312520
89 113 -105432885746279959960152600707917300317312520
113 113 1750516964920526064531217615406726099891832
112 22 718026165650625281093146704470887352261148672
22 112 718026165650625281093146704470887352261148672
112 46 -9814887525878305745723394638279088827601518592
46 112 -9814887525878305745723394638279088827601518592
112 70 1396386566529549699721027674961147793093655040
70 112 1396386566529549699721027674961147793093655040
112 94 26417245611106360692315302291823479342436673
94 112 26417245611106360692315302291823479342436673
111 3 -33559628009475174261133120897024
3 111 -33559628009475174261133120897024
111 27 5047462188765024108989555728567602707494338560
27 111 5047462188765024108989555728567602707494338560
111 51 15394312440197163041899935447032400617642917888
51 111 15394312440197163041899935447032400617642917888
111 75 -413238627684911187469945192404686563666736064
75 111 -413238627684911187469945192404686563666736064
111 99 13823973575926366596702583636783906398162149
99 111 13823973575926366596702583636783906398162149
110 8 -1731155690218328819292463585006708588544
8 110 -1731155690218328819292463585006708588544
110 32 -1284222662974657633671451898276032274302500864
32 110 -1284222662974657633671451898276032274302500864
110 56 16081179335205901710768042210363033951854854144
56 110 16081179335205901710768042210363033951854854144
110 80 1123422507079187924696834822264080652325312752
80 110 1123422507079187924696834822264080652325312752
110 104 -16034569925564013395110620204847245761386840
104 110 -16034569925564013395110620204847245761386840
109 13 -1153094050955168034715866114907377145741312
13 109 -1153094050955168034715866114907377145741312
109 37 -23814678624234039606997870447355524421687181312
37 109 -23814678624234039606997870447355524421687181312
109 61 -3717374046084929559611823922378280145020354560
61 109 -3717374046084929559611823922378280145020354560
109 85 421731542985119839840610402831669201269250080
85 109 421731542985119839840610402831669201269250080
109 109 -8430912668217796947822839901328770060776104
108 18 -109814731119164878466907651200742647471800320
18 108 -109814731119164878466907651200742647471800320
108 42 15829239020502736146446699060481559370949197824
42 108 15829239020502736146446699060481559370949197824
108 66 2091212997855054497384393827930043963175714816
66 108 2091212997855054497384393827930043963175714816
108 90 177929196055955314503875367728529437417683520
90 108 177929196055955314503875367728529437417683520
107 23 -3225321022101548282092125672921648796337700864
23 107 -3225321022101548282092125672921648796337700864
107 47 17761029674759390769447905177844623369348055040
47 107 17761029674759390769447905177844623369348055040
107 71 11257131362294119313918429621987080204382580736
71 107 11257131362294119313918429621987080204382580736
107 95 -146415343911375059631446020054767762516675932
95 107 -146415343911375059631446020054767762516675932
106 4 24752295520386553710794304225542144
4 106 24752295520386553710794304225542144
106 28 -8637246747773625082320974712608397156795023360
28 106 -8637246747773625082320974712608397156795023360
106 52 -6311069050309664898659878258933441316881694720
52 106 -6311069050309664898659878258933441316881694720
106 76 2924565536570164024432166396740567986118545152
76 106 2924565536570164024432166396740567986118545152
106 100 -70109735165309808784880258262316831976967585
100 106 -70109735165309808784880258262316831976967585
105 9 21288527843892612593739874975166016520192
9 105 21288527843892612593739874975166016520192
105 33 35443973733317346266072549311626406946859384832
33 105 35443973733317346266072549311626406946859384832
105 57 30368483810820537590953205694326569245963714560
57 105 30368483810820537590953205694326569245963714560
105 81 -734812781524762614709566271797819085873354880
81 105 -734812781524762614709566271797819085873354880
105 105 14654389907110176609264890710985393983542032
104 14 6562624307233334932218102582639065542164480
14 104 6562624307233334932218102582639065542164480
104 38 62393259294990250206485507004958746898969133056
38 104 62393259294990250206485507004958746898969133056
104 62 45011932029125975013792963296657667808279592960
62 104 45011932029125975013792963296657667808279592960
104 86 422675929777701771077044836669175669478986768
86 104 422675929777701771077044836669175669478986768
103 19 843748746084342557866118079020171510675406848
19 103 843748746084342557866118079020171510675406848
103 43 -4199352527665298101463737364159707231811534848
43 103 -4199352527665298101463737364159707231811534848
103 67 -2747007951219154419176185773236833550410252288
67 103 -2747007951219154419176185773236833550410252288
103 91 585661375645500238525784080219071050066703728
91 103 585661375645500238525784080219071050066703728
102 24 10956027375752954967763801484244406489464176640
24 102 10956027375752954967763801484244406489464176640
102 48 24555776556706696271337792300180396600018862080
48 102 24555776556706696271337792300180396600018862080
102 72 5412893264393965089331928282722558599265927168
72 102 5412893264393965089331928282722558599265927168
102 96 39485595075276811510678866543123011326844422
96 102 39485595075276811510678866543123011326844422
101 5 -3509787175057691853097351357143187456
5 101 -3509787175057691853097351357143187456
101 29 -4691317353020360642882680783942638235759411200
29 101 -4691317353020360642882680783942638235759411200
101 53 19484630267690187498663457423091917205358510080
53 101 19484630267690187498663457423091917205358510080
101 77 16949229273692004672144869168187449401930785792
77 101 16949229273692004672144869168187449401930785792
101 101 -161518017235042595852206297915347250514792682
100 10 -211120576710619375560394150081275927461888
10 100 -211120576710619375560394150081275927461888
100 34 -105514156274633862400729420665364765445506203648
34 100 -105514156274633862400729420665364765445506203648
100 58 -1626658858262687692438946317068386013368287232
58 100 -1626658858262687692438946317068386013368287232
100 82 708457490079720652723831320007172944370461440
82 100 708457490079720652723831320007172944370461440
99 15 -75163361878061513340913127754170818099150848
15 99 -75163361878061513340913127754170818099150848
99 39 6585386563018922462964673339198563979376984064
39 99 6585386563018922462964673339198563979376984064
99 63 42494941865666601361983359321004836124631760896
63 99 42494941865666601361983359321004836124631760896
99 87 -884734308859287462188965352754170009482377536
87 99 -884734308859287462188965352754170009482377536
98 20 -4190340874842552089774746582589925059345776640
20 98 -4190340874842552089774746582589925059345776640
98 44 116103463293014906137237617293182492483243737088
44 98 116103463293014906137237617293182492483243737088
98 68 92867162616305420094892186349478473961013772288
68 98 92867162616305420094892186349478473961013772288
98 92 -1121755762644956940558084132197069311631481360
92 98 -1121755762644956940558084132197069311631481360
97 1 10120172704753155833856
1 97 10120172704753155833856
97 25 -24685990590747328126651214333669261133800800256
25 97 -24685990590747328126651214333669261133800800256
97 49 182912802807670312631846655140078951917953220608
49 97 182912802807670312631846655140078951917953220608
97 73 -6160931594371858830368080284088695608022679552
73 97 -6160931594371858830368080284088695608022679552
97 97 646072068940170383408825191661389002059170728
96 6 250454600042788947672836360692752711680
6 96 250454600042788947672836360692752711680
96 30 89725353417189769634913819372206007777918713856
30 96 89725353417189769634913819372206007777918713856
96 54 153540393853196741765743068167800559839054135296
54 96 153540393853196741765743068167800559839054135296
96 78 -1502809327446944524923891852574440594488360960
78 96 -1502809327446944524923891852574440594488360960
95 11 2431336630227437357244751186133245923164160
11 95 2431336630227437357244751186133245923164160
95 35 242199653970654485047972851676878018935055712256
35 95 242199653970654485047972851676878018935055712256
95 59 169833991617129018440495871442022607400892104704
59 95 169833991617129018440495871442022607400892104704
95 83 13499899488934674725025284606861257633469513728
83 95 13499899488934674725025284606861257633469513728
94 16 483903350920276981757815260646889605119868928
16 94 483903350920276981757815260646889605119868928
94 40 -39530519817152038280383944927481728706547810304
40 94 -39530519817152038280383944927481728706547810304
94 64 -1550394531353695032491832758961716204899663872
64 94 -1550394531353695032491832758961716204899663872
94 88 -4104849900944387429148318772440894914915031040
88 94 -4104849900944387429148318772440894914915031040
93 21 13759701294833792799310075997351279000614338560
21 93 13759701294833792799310075997351279000614338560
93 45 -304145202489269562220939056642338004950136651776
45 93 -304145202489269562220939056642338004950136651776
93 69 53809391094023576380211583315080806822645334016
69 93 53809391094023576380211583315080806822645334016
93 93 -937880954055051302992953005503065214946690048
92 2 272442560651800850527816777728
2 92 272442560651800850527816777728
92 26 26845475888930116114798012480351022984967749632
26 92 26845475888930116114798012480351022984967749632
92 50 54599326908881976889181908510469930198289612800
50 92 54599326908881976889181908510469930198289612800
92 74 84986230830632127862983030712581978595418177536
74 92 84986230830632127862983030712581978595418177536
91 7 -4057356000614543504282775186442599530496
7 91 -4057356000614543504282775186442599530496
91 31 -246071577841869801381000336395047918361689194496
31 91 -246071577841869801381000336395047918361689194496
91 55 225098996177069204253432364495911006617533939712
55 91 225098996177069204253432364495911006617533939712
91 79 -18423380202693950829931567478262192894639341568
79 91 -18423380202693950829931567478262192894639341568
90 12 -13072516658883205903731336464242715096252416
12 90 -13072516658883205903731336464242715096252416
90 36 -26260436241529076760459319599431595068095463424
36 90 -26260436241529076760459319599431595068095463424
90 60 307312907898417781407171766874679724596355137536
60 90 307312907898417781407171766874679724596355137536
90 84 -10863439603438209353008523476661874941331046400
84 90 -10863439603438209353008523476661874941331046400
89 17 -2311022852351910460428805990909698168363941888
17 89 -2311022852351910460428805990909698168363941888
89 41 708814793249456566664348552341985961007036497920
41 89 708814793249456566664348552341985961007036497920
89 65 328383409156764989841822337091008205374995038208
65 89 328383409156764989841822337091008205374995038208
89 89 8633254572255024074570588058960660542234730496
88 22 -31129151743740334848580264542724276884728709120
22 88 -31129151743740334848580264542724276884728709120
88 46 1179128275239069906946815232301903864430204026880
46 88 1179128275239069906946815232301903864430204026880
88 70 -128302408836318422832844539417298503288492130304
70 88 -128302408836318422832844539417298503288492130304
87 3 9542325513842775390118280557494272
3 87 9542325513842775390118280557494272
87 27 28623671296055547635737347582264004286546444288
27 87 28623671296055547635737347582264004286546444288
87 51 8088606525543258705979211849989896311115087872
51 87 8088606525543258705979211849989896311115087872
87 75 52553813975364763109589175070925434306426830848
75 87 52553813975364763109589175070925434306426830848
86 8 31887460680162827871931902694759522631680
8 86 31887460680162827871931902694759522631680
86 32 497514686981048456316726724597727025581388726272
32 86 497514686981048456316726724597727025581388726272
86 56 588667692798678186154655836149730007291030142976
56 86 588667692798678186154655836149730007291030142976
86 80 24923979368635576243103552135132480379105837056
80 86 24923979368635576243103552135132480379105837056
85 13 117731359960635374994523590993908567828856832
13 85 117731359960635374994523590993908567828856832
85 37 -244360086233417316422921749313378114473872588800
37 85 -244360086233417316422921749313378114473872588800
85 61 -66565572282826747838734598276894756420030824448
61 85 -66565572282826747838734598276894756420030824448
85 85 -28680469953257899041279469410823800420627775488
84 18 7806860387190027070930308697609404948206845952
18 84 7806860387190027070930308697609404948206845952
84 42 -1918706886021162633480350252020758561586384207872
42 84 -1918706886021162633480350252020758561586384207872
84 66 308026008222737605952190611316123833732731764736
66 84 308026008222737605952190611316123833732731764736
83 23 30628833053423905933826092574584867538388123648
23 83 30628833053423905933826092574584867538388123648
83 47 429854835674866319457705595830900095156226097152
47 83 429854835674866319457705595830900095156226097152
83 71 124688037361084498707879499136013252790910451712
71 83 124688037361084498707879499136013252790910451712
82 4 -2668271524042879562546761131114889216
4 82 -2668271524042879562546761131114889216
82 28 -167289472005733881903697110528065036693274624000
28 82 -167289472005733881903697110528065036693274624000
82 52 1685858623629573587193170570252354110067610484736
52 82 1685858623629573587193170570252354110067610484736
82 76 -326255126195356033675904094102125905190938738688
76 82 -326255126195356033675904094102125905190938738688
81 9 -671545312637547805526543862074704324984832
9 81 -671545312637547805526543862074704324984832
81 33 -62556251321776678939063586182287680827799109632
33 81 -62556251321776678939063586182287680827799109632
81 57 837223987858055267279498324727009748568969838592
57 81 837223987858055267279498324727009748568969838592
81 81 44381563746428761483153662379710265871318384640
80 14 -339136227568162946736706717957731010104786944
14 80 -339136227568162946736706717957731010104786944
80 38 2057783477737010637692012637600897663252236861440
38 80 2057783477737010637692012637600897663252236861440
80 62 331703320456138631024588982832686679093004992512
62 80 331703320456138631024588982832686679093004992512
79 19 -19181562529039473742782384555732243844698210304
19 79 -19181562529039473742782384555732243844698210304
79 43 3975426629444683460625756958450799424606975295488
43 79 3975426629444683460625756958450799424606975295488
79 67 -855503256821304745614069106641689020444331474944
67 79 -855503256821304745614069106641689020444331474944
78 24 -18649532644442893004086763457548542084879745024
24 78 -18649532644442893004086763457548542084879745024
78 48 -782472517446183143610691479693850925819171438592
48 78 -782472517446183143610691479693850925819171438592
78 72 235231853448696195825140098223661638306196619264
72 78 235231853448696195825140098223661638306196619264
77 5 246337958896790315248752928917861433344
5 77 246337958896790315248752928917861433344
77 29 534815465813634113331532447560141971644252946432
29 77 534815465813634113331532447560141971644252946432
77 53 1113035870580511503873328120569852282338317172736
53 77 1113035870580511503873328120569852282338317172736
77 77 -121831366710340848320090041452768345789298638848
76 10 3191913778552139580195929328914317468237824
10 76 3191913778552139580195929328914317468237824
76 34 -185090001059931038237685187467728748807620395008
34 76 -185090001059931038237685187467728748807620395008
76 58 -376734782628274140899392051919324706118173720576
58 76 -376734782628274140899392051919324706118173720576
75 15 1588230740259009064927163102296153595710537728
15 75 1588230740259009064927163102296153595710537728
75 39 -5180616194876293295717369716083989470414467235840
39 75 -5180616194876293295717369716083989470414467235840
75 63 1608036414359290176236466931690729495671594811392
63 75 1608036414359290176236466931690729495671594811392
74 20 21616897667932515944545609985816885154572926976
20 74 21616897667932515944545609985816885154572926976
74 44 1935582397412219623412828231908835165687347412992
44 74 1935582397412219623412828231908835165687347412992
74 68 -1108649416527513461490328563596483736029464887296
68 74 -1108649416527513461490328563596483736029464887296
73 1 -2423883724541361372790784
1 73 -2423883724541361372790784
73 25 145678095399042816256206590741195275557947834368
25 73 145678095399042816256206590741195275557947834368
73 49 4343306075990095691729792455053976572089461637120
49 73 4343306075990095691729792455053976572089461637120
73 73 -1381122946605385228518476583574805796063853674496
72 6 -2384419331037168193564659655335875706880
6 72 -2384419331037168193564659655335875706880
72 30 -647336235217640222046433016173348533260867600384
30 72 -647336235217640222046433016173348533260867600384
72 54 2967531656748463704541556721047486786122882744320
54 72 2967531656748463704541556721047486786122882744320
71 11 -55615136884888829392882568288775166025007104
11 71 -55615136884888829392882568288775166025007104
71 35 2465353287359594723978741913037922549774302576640
35 71 2465353287359594723978741913037922549774302576640
71 59 -2679879579623843351415971502933076134664217821184
59 71 -2679879579623843351415971502933076134664217821184
70 16 -4512577837890423341018623067051769372455469056
16 70 -4512577837890423341018623067051769372455469056
70 40 8867235221860999325295398062887384742561358807040
40 70 8867235221860999325295398062887384742561358807040
70 64 -4152613116560124725697255915981443313384124579840
64 70 -4152613116560124725697255915981443313384124579840
69 21 1067832027451270547082479413732664317434658816
21 69 1067832027451270547082479413732664317434658816
69 45 -2576466471686274139984851831027064453856885735424
45 69 -2576466471686274139984851831027064453856885735424
69 69 1762778344066150377473041750700148839069610147840
68 2 39788787076090055509296512237568
2 68 39788787076090055509296512237568
68 26 -881173175418675050831722554020882810115792568320
26 68 -881173175418675050831722554020882810115792568320
68 50 263847039826403961167142178604243609760640794624
50 68 263847039826403961167142178604243609760640794624
67 7 49081864013722658817825920144768428408832
7 67 49081864013722658817825920144768428408832
67 31 2544725071315904745959689105904962182096888004608
31 67 2544725071315904745959689105904962182096888004608
67 55 -4490626773112700865622869398255163677641808019456
55 67 -4490626773112700865622869398255163677641808019456
66 12 60302068904586157006105580165655848751726592
12 66 60302068904586157006105580165655848751726592
66 36 -7514902863923696079857620978934299019396106944512
36 66 -7514902863923696079857620978934299019396106944512
66 60 6628512745185317478660380933753212548884830617600
60 66 6628512745185317478660380933753212548884830617600
65 17 6560880203183872851179457446901129395461685248
17 65 6560880203183872851179457446901129395461685248
65 41 3033162061458025631847821339124290760208268918784
41 65 3033162061458025631847821339124290760208268918784
65 65 -6769120286253914011712696305580943473107116490752
64 22 -57106537017613214233122759987006499974297944064
22 64 -57106537017613214233122759987006499974297944064
64 46 8599900502769160897202379783004087040668183035904
46 64 8599900502769160897202379783004087040668183035904
63 3 -473931656744472413060301930666917888
3 63 -473931656744472413060301930666917888
63 27 2804048349703720037561784785022748559813701009408
27 63 2804048349703720037561784785022748559813701009408
63 51 6695840855394501966013738756485615445642252910592
51 63 6695840855394501966013738756485615445642252910592
62 8 1436811480934567940455825365363128434425856
8 62 1436811480934567940455825365363128434425856
62 32 -2776254206866473092733373456209055148715502731264
32 62 -2776254206866473092733373456209055148715502731264
62 56 -11209629282945743833619197102723621032022106963968
56 62 -11209629282945743833619197102723621032022106963968
61 13 -1476783247383643895129202801824791834094731264
13 61 -1476783247383643895129202801824791834094731264
61 37 12780133997130790767966330509546060910687686754304
37 61 12780133997130790767966330509546060910687686754304
61 61 -11980551802154948644187309027307721551129803227136
60 18 3587161003901066752823921972620350928271179776
18 60 3587161003901066752823921972620350928271179776
60 42 1911969500110935442483776133178631230959954952192
42 60 1911969500110935442483776133178631230959954952192
59 23 -137091949085909642133670402985184968311186653184
23 59 -137091949085909642133670402985184968311186653184
59 47 -12772079117427725985990363828650817083985235017728
47 59 -12772079117427725985990363828650817083985235017728
58 4 69019496552327905049504642121844391936
4 58 69019496552327905049504642121844391936
58 28 -1542354898802951236815792605673917178292262141952
28 58 -1542354898802951236815792605673917178292262141952
58 52 -9540212771659484952542466653882569852791193337856
52 58 -9540212771659484952542466653882569852791193337856
57 9 6024352371886917107237806289183081737748480
9 57 6024352371886917107237806289183081737748480
57 33 -6575181423525663185082543352578415285837714423808
33 57 -6575181423525663185082543352578415285837714423808
57 57 11739082995824794886555693320793581542810578845696
56 14 2447966871556340844052239077941463313387880448
14 56 2447966871556340844052239077941463313387880448
56 38 9438208217447332917938105711241832914356633862144
38 56 9438208217447332917938105711241832914356633862144
55 19 -96768263274373862040873611668744720258319777792
19 55 -96768263274373862040873611668744720258319777792
55 43 -7369247814587831571700409681065031449545552166912
43 55 -7369247814587831571700409681065031449545552166912
54 24 1831063564726079784098296023869389084681446621184
24 54 1831063564726079784098296023869389084681446621184
54 48 25159581222000868612226139842177304377008519643136
48 54 25159581222000868612226139842177304377008519643136
53 5 -60541471377270864649217567573036498944
5 53 -60541471377270864649217567573036498944
53 29 -6691794340784533130539374648643724361261970882560
29 53 -6691794340784533130539374648643724361261970882560
53 53 -30436865803887014612585239936815580695056015687680
52 10 109486070778529226626930323646768844187369472
10 52 109486070778529226626930323646768844187369472
52 34 30500349364953756279099551269019096146075528986624
34 52 30500349364953756279099551269019096146075528986624
51 15 -13763797052983444410769447721903973091090890752
15 51 -13763797052983444410769447721903973091090890752
51 39 -17956698636651234771853238088413791341569443364864
39 51 -17956698636651234771853238088413791341569443364864
50 20 475836269565445657830834337484905845704873738240
20 50 475836269565445657830834337484905845704873738240
50 44 94202844091775011086381921428034365927049920512
44 50 94202844091775011086381921428034365927049920512
49 1 279091859137596032129433600
1 49 279091859137596032129433600
49 25 -4283094603998645095516952521455972767131355840512
25 49 -4283094603998645095516952521455972767131355840512
49 49 -32360698979760713870673639022921183903728070033408
48 6 74526475786496947894904847585918169645056
6 48 74526475786496947894904847585918169645056
48 30 16322540341691918454954887313949923289378957819904
30 48 16322540341691918454954887313949923289378957819904
47 11 192769020674337379310715919878943061007400960
11 47 192769020674337379310715919878943061007400960
47 35 -30542437919578075030140077402625915960131334438912
35 47 -30542437919578075030140077402625915960131334438912
46 16 39560535897188900540431884115138439554663448576
16 46 39560535897188900540431884115138439554663448576
46 40 14883571462654191214576475826394614082693702352896
40 46 14883571462654191214576475826394614082693702352896
45 21 -793495726858653629783282852145581674598087262208
21 45 -793495726858653629783282852145581674598087262208
45 45 -1911810826033728206132663654439308266338990948352
44 2 1064741337029993848601987757637632
2 44 1064741337029993848601987757637632
44 26 4210104177516452827168810207088357617544346992640
26 44 4210104177516452827168810207088357617544346992640
43 7 480264164145048445119750089902248991653888
7 43 480264164145048445119750089902248991653888
43 31 -6719575439200370589906854077961684085792024035328
31 43 -6719575439200370589906854077961684085792024035328
42 12 1347038889231828151917162185608202113695875072
12 42 1347038889231828151917162185608202113695875072
42 36 12794464131632666329343060190676568771188569931776
36 42 12794464131632666329343060190676568771188569931776
41 17 -53408309079173810640237878351271877792430555136
17 41 -53408309079173810640237878351271877792430555136
41 41 -18910705019989424139106463457296842533757410869248
40 22 790087438843633860349090749410927946503467040768
22 40 790087438843633860349090749410927946503467040768
39 3 3283004142940318156582366781567401984
3 39 3283004142940318156582366781567401984
39 27 917927037801773972297672137662730055844670472192
27 39 917927037801773972297672137662730055844670472192
38 8 2754346843890059339841705079548092147040256
8 38 2754346843890059339841705079548092147040256
38 32 -7543482222789944972517652691304765932718019051520
32 38 -7543482222789944972517652691304765932718019051520
37 13 778536366481470405146134519044646325744304128
13 37 778536366481470405146134519044646325744304128
37 37 4553102296709001768270123984840317994636916293632
36 18 71666561475418813344379777596106417432206245888
18 36 71666561475418813344379777596106417432206245888
35 23 -188939992021957463175988120019886863684596662272
23 35 -188939992021957463175988120019886863684596662272
34 4 431180675655676699410670062235409186816
4 34 431180675655676699410670062235409186816
34 28 -2524972441534955126596726547820831492014499430400
28 34 -2524972441534955126596726547820831492014499430400
33 9 -4799075056990678102292213941359609150177280
9 33 -4799075056990678102292213941359609150177280
33 33 9051075050888752615246146374475007524957348429824
32 14 1705659005404281960369469992848445514253860864
14 32 1705659005404281960369469992848445514253860864
31 19 -15252542339489324047929710546872736008946843648
19 31 -15252542339489324047929710546872736008946843648
30 24 69307412063669185606958508083242560318269816832
24 30 69307412063669185606958508083242560318269816832
29 5 9833899936836257935665145247710048157696
5 29 9833899936836257935665145247710048157696
29 29 944808394606450228294739280283733499579692220416
28 10 -8189043083016571231456224443201047838588928
10 28 -8189043083016571231456224443201047838588928
27 15 1124138566489594904385260019725252436466597888
15 27 1124138566489594904385260019725252436466597888
26 20 30098258056418758024799080751482165903361048576
20 26 30098258056418758024799080751482165903361048576
25 1 -15242136733701244634695467008
1 25 -15242136733701244634695467008
25 25 -14763897464826259559769080887090895661939294208
24 6 57743886972243165256517079409342541725696
6 24 57743886972243165256517079409342541725696
23 11 -27138190827582906474608274324469735837663232
11 23 -27138190827582906474608274324469735837663232
22 16 -984426709466272578266807229345920331223662592
16 22 -984426709466272578266807229345920331223662592
21 21 -9987540873697132860002123580019722889935716352
20 2 2754254107779814905489470888345600
2 20 2754254107779814905489470888345600
19 7 93581578461387106656100867005701379063808
7 19 93581578461387106656100867005701379063808
18 12 5072087681209414679700982402180195121364992
12 18 5072087681209414679700982402180195121364992
17 17 350376129293806201350137893826875286519545856
15 3 -254521490901726516387226182433636352
3 15 -254521490901726516387226182433636352
14 8 34981694519746904823105875079594755751936
8 14 34981694519746904823105875079594755751936
13 13 -2899596613480563747523900008931232835436544
10 4 736738068179677619384700370239356928
4 10 736738068179677619384700370239356928
9 9 1625501356904545973680000963044263854080
5 5 -53531359705509728036707100641984512
1 1 316912650057057350374175801344
