# Weber-f modular polynomial Phi_59^f(X,Y); r=q^(1/48).
60 0 1
0 60 1
59 11 -354
11 59 -354
59 35 59
35 59 59
59 59 -1
58 22 27435
22 58 27435
58 46 1357
46 58 1357
57 9 76759
9 57 76759
57 33 -249570
33 57 -249570
57 57 118
56 20 5168636
20 56 5168636
56 44 114342
44 56 114342
55 7 -982232
7 55 -982232
55 31 -5086685
31 55 -5086685
55 55 -4425
54 18 113912598
18 54 113912598
54 42 373824
42 54 373824
53 5 1964464
5 53 1964464
53 29 -59515424
29 53 -59515424
53 53 51979
52 16 920690752
16 52 920690752
52 40 -2021163
40 52 -2021163
51 3 -614072
3 51 -614072
51 27 -219409318
27 51 -219409318
51 51 59354
50 14 3961885872
14 50 3961885872
50 38 1426148
38 50 1426148
49 1 11328
1 49 11328
49 25 926806456
25 49 926806456
49 49 -2399707
48 12 10178443941
12 48 10178443941
48 36 198563497
36 48 198563497
47 23 10457767464
23 47 10457767464
47 47 4877176
46 10 15847543488
10 46 15847543488
46 34 1204774513
34 46 1204774513
45 21 34139473260
21 45 34139473260
45 45 77001195
44 8 14731052032
8 44 14731052032
44 32 2482112772
32 44 2482112772
43 19 35803452384
19 43 35803452384
43 43 -116959594
42 6 7290406272
6 42 7290406272
42 30 -1581988830
30 42 -1581988830
41 17 -71606904768
17 41 -71606904768
41 41 -1610386592
40 4 1323170816
4 40 1323170816
40 28 -14083456704
28 40 -14083456704
39 15 -273115786080
15 39 -273115786080
39 39 -550671780
38 2 28093440
2 38 28093440
38 26 -13875785200
26 38 -13875785200
37 13 -334648558848
13 37 -334648558848
37 37 14194528688
36 24 5575847274
24 36 5575847274
35 11 -118631226368
11 35 -118631226368
35 35 12726562196
34 22 -55503140800
22 34 -55503140800
33 9 112337570816
9 33 112337570816
33 33 -90294410070
32 20 -225335307264
20 32 -225335307264
31 7 121887588352
7 31 121887588352
31 31 -145816835728
30 18 -101247285120
18 30 -101247285120
29 5 41670123520
5 29 41670123520
29 29 291633671456
28 16 635420869632
16 28 635420869632
27 3 8177909760
3 27 8177909760
27 27 722355280560
26 14 1233689101312
14 26 1233689101312
25 1 -7733248
1 25 -7733248
25 25 -407249990272
24 12 813316083712
12 24 813316083712
23 23 -1816899672064
22 10 23366008832
10 22 23366008832
21 21 281943951360
20 8 -132458938368
8 20 -132458938368
19 19 3298071740416
18 6 97995718656
6 18 97995718656
17 17 958132994048
16 4 119896276992
4 16 119896276992
15 15 -2523175157760
14 2 5691670528
2 14 5691670528
13 13 -639261212672
11 11 1258137583616
9 9 -124474359808
7 7 -436031455232
5 5 148478361600
3 3 -15837691904
1 1 536870912
