# Weber-f modular polynomial Phi_109^f(X,Y); r=q^(1/48).
110 0 1
0 110 1
109 13 -16677
13 109 -16677
109 37 27032
37 109 27032
109 61 -3379
61 109 -3379
109 85 109
85 109 109
109 109 -1
108 2 3597
2 108 3597
108 26 64442108
26 108 64442108
108 50 86963252
50 108 86963252
108 74 4609719
74 108 4609719
108 98 10682
98 108 10682
107 15 478184744
15 107 478184744
107 39 -37590257641
39 107 -37590257641
107 63 5409744447
63 107 5409744447
107 87 -23121407
87 107 -23121407
106 4 4981300
4 106 4981300
106 28 902708822444
28 106 902708822444
106 52 567952645025
52 106 567952645025
106 76 1485150070
76 106 1485150070
106 100 958328
100 106 958328
105 17 -903861787384
17 105 -903861787384
105 41 25804726038631
41 105 25804726038631
105 65 569575548423
65 105 569575548423
105 89 1828424642
89 105 1828424642
104 6 3334793742
6 104 3334793742
104 30 253388670550046
30 104 253388670550046
104 54 32824063492947
54 104 32824063492947
104 78 275637852215
78 104 275637852215
104 102 5656555
102 104 5656555
103 19 250119086292832
19 103 250119086292832
103 43 346629260840342
43 103 346629260840342
103 67 7876537577869
67 103 7876537577869
103 91 -14223107634
91 103 -14223107634
102 8 1111513161486
8 102 1111513161486
102 32 392734683074934
32 102 392734683074934
102 56 -253571715347349
56 102 -253571715347349
102 80 -3958358438161
80 102 -3958358438161
101 21 -9015740375593256
21 101 -9015740375593256
101 45 -4637443483517219
45 101 -4637443483517219
101 69 -229439952971474
69 101 -229439952971474
101 93 46140716316
93 101 46140716316
100 10 171264000073012
10 100 171264000073012
100 34 -21828606441284268
34 100 -21828606441284268
100 58 -1246854009137167
58 100 -1246854009137167
100 82 23453857110417
82 100 23453857110417
99 23 6540305418225848
23 99 6540305418225848
99 47 8223641120542989
47 99 8223641120542989
99 71 2014047647803782
71 99 2014047647803782
99 95 -99226970075
95 99 -99226970075
98 12 9995355072366085
12 98 9995355072366085
98 36 182211771783572332
36 98 182211771783572332
98 60 24380873805227785
60 98 24380873805227785
98 84 -75811292040660
84 98 -75811292040660
97 1 1067328
1 97 1067328
97 25 146933544714725352
25 97 146933544714725352
97 49 186178426728005292
49 97 186178426728005292
97 73 -10193969538331839
73 97 -10193969538331839
97 97 131311023937
96 14 136489391640707993
14 96 136489391640707993
96 38 -752865580416014344
38 96 -752865580416014344
96 62 -147363288234065855
62 96 -147363288234065855
96 86 146307039619443
86 96 146307039619443
95 3 -30603823616
3 95 -30603823616
95 27 934551713458264712
27 95 934551713458264712
95 51 -1886463588787711407
51 95 -1886463588787711407
95 75 35986773936704476
75 95 35986773936704476
94 16 -155831791685805728
16 94 -155831791685805728
94 40 -314279437532522192
40 94 -314279437532522192
94 64 501876732609498080
64 94 501876732609498080
94 88 -163902775816711
88 94 -163902775816711
93 5 57847154392576
5 93 57847154392576
93 29 -12111065373518611096
29 93 -12111065373518611096
93 53 9441634437575801697
53 93 9441634437575801697
93 77 -97188163614999820
77 93 -97188163614999820
92 18 -3147129887028122224
18 92 -3147129887028122224
92 42 24823756464039846468
42 92 24823756464039846468
92 66 -1048240444067068186
66 92 -1048240444067068186
92 90 73603212818800
90 92 73603212818800
91 7 -16007621522741248
7 91 -16007621522741248
91 31 41361921667936535200
31 91 41361921667936535200
91 55 -29468833258642576514
55 91 -29468833258642576514
91 79 209138558068270399
79 91 209138558068270399
90 20 -4118316057926556784
20 90 -4118316057926556784
90 44 -160494089629656031004
44 90 -160494089629656031004
90 68 1234002405779792742
68 90 1234002405779792742
89 9 577007384037968384
9 89 577007384037968384
89 33 -35657297352515656648
33 89 -35657297352515656648
89 57 58114118786717219091
57 89 58114118786717219091
89 81 -362764629923007193
81 89 -362764629923007193
88 22 113235211963071218528
22 88 113235211963071218528
88 46 562048905990507470480
46 88 562048905990507470480
88 70 -224734832636882160
70 88 -224734832636882160
87 11 -418579546766454272
11 87 -418579546766454272
87 35 -116349853720272806632
35 87 -116349853720272806632
87 59 -59098223272807681917
59 87 -59098223272807681917
87 83 506337958531482031
83 87 506337958531482031
86 24 -312950550641470932044
24 86 -312950550641470932044
86 48 -1157646563324578981576
48 86 -1157646563324578981576
86 72 -2015092326982420649
72 86 -2015092326982420649
85 13 -9403746861742422528
13 85 -9403746861742422528
85 37 119100381392877603444
37 85 119100381392877603444
85 61 -28336438642057972296
61 85 -28336438642057972296
85 85 -566218584238994628
84 2 263954874368
2 84 263954874368
84 26 -29153592275605579420
26 84 -29153592275605579420
84 50 1007058373804775736500
50 84 1007058373804775736500
84 74 4071555336164739595
74 84 4071555336164739595
83 15 -59811309661328941568
15 83 -59811309661328941568
83 39 1611565218110774147656
39 83 1611565218110774147656
83 63 213304349176694164662
63 83 213304349176694164662
82 4 3697495336730624
4 82 3697495336730624
82 28 218803903419904539312
28 82 218803903419904539312
82 52 1710445471590571053020
52 82 1710445471590571053020
82 76 -4133726066977452354
76 82 -4133726066977452354
81 17 775108183905191110144
17 81 775108183905191110144
81 41 -7522089006991751417944
41 81 -7522089006991751417944
81 65 -369793116801550049834
65 81 -369793116801550049834
80 6 1037879994572988416
6 80 1037879994572988416
80 30 8994400882545854275208
30 80 8994400882545854275208
80 54 -7540585905053972221638
54 80 -7540585905053972221638
80 78 1738844946201625302
78 80 1738844946201625302
79 19 -2647162986747938252800
19 79 -2647162986747938252800
79 43 16885023194800048700384
43 79 16885023194800048700384
79 67 290988676271840757740
67 79 290988676271840757740
78 8 1608641261874929664
8 78 1608641261874929664
78 32 -41389019289776329001848
32 78 -41389019289776329001848
78 56 12437225740152557146098
56 78 12437225740152557146098
77 21 2282067030561002025472
21 77 2282067030561002025472
77 45 -20136458582001546283976
45 77 -20136458582001546283976
77 69 96912047876163566194
69 77 96912047876163566194
76 10 -89409971983500361728
10 76 -89409971983500361728
76 34 69141171236788782040240
34 76 69141171236788782040240
76 58 -8473088816060114226652
58 76 -8473088816060114226652
75 23 7446390638097459624448
23 75 7446390638097459624448
75 47 783069870381408390040
47 75 783069870381408390040
75 71 -582242238862762611886
71 75 -582242238862762611886
74 12 746339417225512271872
12 74 746339417225512271872
74 36 17809988395955978463540
36 74 17809988395955978463540
74 60 -8016446089622741992220
60 74 -8016446089622741992220
73 1 -7086276608
1 73 -7086276608
73 25 -7622424409144166620416
25 73 -7622424409144166620416
73 49 47710917986934823493976
49 73 47710917986934823493976
73 73 803745189913012893192
72 14 -3083737417383994753024
14 72 -3083737417383994753024
72 38 -284047205645933363408572
38 72 -284047205645933363408572
72 62 27869163322428421325520
62 72 27869163322428421325520
71 3 9854060499042304
3 71 9854060499042304
71 27 -103140173959089545449984
27 71 -103140173959089545449984
71 51 -102131466295755570182360
51 71 -102131466295755570182360
70 16 -1287288576133210898432
16 70 -1287288576133210898432
70 40 469786047198485401609120
40 70 469786047198485401609120
70 64 -33203311617836333521088
64 70 -33203311617836333521088
69 5 -6764554102670884864
5 69 -6764554102670884864
69 29 481413696447472090748416
29 69 481413696447472090748416
69 53 115717543725903049358728
53 69 115717543725903049358728
68 18 101678106476707211132928
18 68 101678106476707211132928
68 42 -51648691457539257117456
42 68 -51648691457539257117456
68 66 14941755802427474471448
66 68 14941755802427474471448
67 7 -90866780953730613248
7 67 -90866780953730613248
67 31 -1080641484467203116824576
31 67 -1080641484467203116824576
67 55 -57521881437051848785376
55 67 -57521881437051848785376
66 20 -657383791123071102992384
20 66 -657383791123071102992384
66 44 -996876933120096378932496
44 66 -996876933120096378932496
65 9 1215677984543137857536
9 65 1215677984543137857536
65 33 1288733349248098962174464
33 65 1288733349248098962174464
65 57 -53384690172242640697064
57 65 -53384690172242640697064
64 22 2302152318937118599086080
22 64 2302152318937118599086080
64 46 1586407421121747620160928
46 64 1586407421121747620160928
63 11 -2155778177903621308416
11 63 -2155778177903621308416
63 35 -50116471704410136962560
35 63 -50116471704410136962560
63 59 158294520065183979826552
59 63 158294520065183979826552
62 24 -4741720323377475508535296
24 62 -4741720323377475508535296
62 48 -431861893776262899111570
48 62 -431861893776262899111570
61 13 -48805557496186219266048
13 61 -48805557496186219266048
61 37 -3053498751163828703614464
37 61 -3053498751163828703614464
61 61 -200607628779631435261214
60 2 1459001262866432
2 60 1459001262866432
60 26 4124911099104361416704000
26 60 4124911099104361416704000
60 50 -2002305637634626701217962
50 60 -2002305637634626701217962
59 15 494525111019165819076608
15 59 494525111019165819076608
59 39 6536413842928356491671040
39 59 6536413842928356491671040
58 4 9528664203355750400
4 58 9528664203355750400
58 28 7005984651634979033169920
28 58 7005984651634979033169920
58 52 3275829654998460754492216
52 58 3275829654998460754492216
57 17 -2475067818003870960058368
17 57 -2475067818003870960058368
57 41 -7405922798457795158958592
41 57 -7405922798457795158958592
56 6 550696403218886295552
6 56 550696403218886295552
56 30 -30886239867101070219829248
30 56 -30886239867101070219829248
56 54 -1619824560422495962936620
54 56 -1619824560422495962936620
55 19 7725077825753599577686016
19 55 7725077825753599577686016
55 43 3681400411971318322264064
43 55 3681400411971318322264064
54 8 -4254227439872989200384
8 54 -4254227439872989200384
54 32 50942876631664874070417408
32 54 50942876631664874070417408
53 21 -15234267555225198681391104
21 53 -15234267555225198681391104
53 45 3416620171023529004612096
45 53 3416620171023529004612096
52 10 -20918739031760224387072
10 52 -20918739031760224387072
52 34 -34705771790582227872366592
34 52 -34705771790582227872366592
51 23 15492244641626896968450048
23 51 15492244641626896968450048
51 47 -10130849284171774708899328
47 51 -10130849284171774708899328
50 12 409043186099048478146560
12 50 409043186099048478146560
50 36 -32835363183094751200133120
36 50 -32835363183094751200133120
49 1 3628173623296
1 49 3628173623296
49 25 7428227371383645089562624
25 49 7428227371383645089562624
49 49 12838888241896411856717696
48 14 -2472345717173181407559680
14 48 -2472345717173181407559680
48 38 114152092968666813749329920
38 48 114152092968666813749329920
47 3 -5808668869895651328
3 47 -5808668869895651328
47 27 -55916455310575315101155328
27 47 -55916455310575315101155328
46 16 8420094348363792939745280
16 46 8420094348363792939745280
46 40 -136000764386657622102376448
40 46 -136000764386657622102376448
45 5 -611577088269512343552
5 45 -611577088269512343552
45 29 96939046810825536263684096
29 45 96939046810825536263684096
44 18 -17586556350049121443250176
18 44 -17586556350049121443250176
44 42 61201431766742935435051008
42 44 61201431766742935435051008
43 7 -8457367825665602093056
7 43 -8457367825665602093056
43 31 -76280935552605423596994560
31 43 -76280935552605423596994560
42 20 20703124906287231267766272
20 42 20703124906287231267766272
41 9 246359273602064712728576
9 41 246359273602064712728576
41 33 -25404911878449021896359936
33 41 -25404911878449021896359936
40 22 -3770424829872821564866560
22 40 -3770424829872821564866560
39 11 -2162567194975742478778368
11 39 -2162567194975742478778368
39 35 152631309464440042130243584
35 39 152631309464440042130243584
38 24 -33807639229726699431133184
24 38 -33807639229726699431133184
37 13 10945691445888866725134336
13 37 10945691445888866725134336
37 37 -210696979064556851872923648
36 2 316777477579997184
2 36 316777477579997184
36 26 68309363330788447769067520
26 36 68309363330788447769067520
35 15 -38640504286672724609204224
15 35 -38640504286672724609204224
34 4 102058735684833771520
4 34 102058735684833771520
34 28 -69352415110511185272766464
28 34 -69352415110511185272766464
33 17 104354996071180340486471680
17 33 104354996071180340486471680
32 6 18941688972849698570240
6 32 18941688972849698570240
32 30 29172977252933047242719232
30 32 29172977252933047242719232
31 19 -224560816808954574747467776
19 31 -224560816808954574747467776
30 8 -272016320603954134122496
8 30 -272016320603954134122496
29 21 389515555416214722976940032
21 29 389515555416214722976940032
28 10 1611736788068769214758912
10 28 1611736788068769214758912
27 23 -543676243154029877389164544
23 27 -543676243154029877389164544
26 12 -5209712319714236836085760
12 26 -5209712319714236836085760
25 1 -479387069710336
1 25 -479387069710336
25 25 607972575423475743794921472
24 14 10054143205441343531778048
14 24 10054143205441343531778048
23 3 101689023388165603328
3 23 101689023388165603328
22 16 -11263312989702294964535296
16 22 -11263312989702294964535296
21 5 -8041496617564680224768
5 21 -8041496617564680224768
20 18 5057974270996383583436800
18 20 5057974270996383583436800
19 7 62553888906770368167936
7 19 62553888906770368167936
17 9 -202929016413423207972864
9 17 -202929016413423207972864
15 11 436404829545774763212800
11 15 436404829545774763212800
13 13 -577511990695616680296448
12 2 3006715701223227392
2 12 3006715701223227392
10 4 269745351481169543168
4 10 269745351481169543168
8 6 1592178686887544750080
6 8 1592178686887544750080
1 1 18014398509481984
