# Weber-f modular polynomial Phi_97^f(X,Y); r=q^(1/48).
98 0 1
0 98 1
97 1 -194
1 97 -194
97 25 11446
25 97 11446
97 49 -2425
49 97 -2425
97 73 97
73 97 97
97 97 -1
96 2 16587
2 96 16587
96 26 12708746
26 96 12708746
96 50 7584915
50 96 7584915
96 74 166549
74 96 166549
95 3 -817904
3 95 -817904
95 27 2462377495
27 95 2462377495
95 51 -728056780
51 95 -728056780
95 75 11784918
75 95 11784918
94 4 25485489
4 94 25485489
94 28 158060484604
28 94 158060484604
94 52 -17689688046
52 94 -17689688046
94 76 260750744
76 94 260750744
93 5 -513980690
5 93 -513980690
93 29 4680147818551
29 93 4680147818551
93 53 -227660382735
53 93 -227660382735
93 77 2930847822
77 93 2930847822
92 6 6503840397
6 92 6503840397
92 30 80891578045063
30 92 80891578045063
92 54 -2221992799705
54 92 -2221992799705
92 78 20430661860
78 92 20430661860
91 7 -44908841944
7 91 -44908841944
91 31 956477386706701
31 91 956477386706701
91 55 -18123096147332
55 91 -18123096147332
91 79 98121635638
79 91 98121635638
90 8 67790282233
8 90 67790282233
90 32 8528030487722267
32 90 8528030487722267
90 56 -124127022789235
56 90 -124127022789235
90 80 345733372290
80 90 345733372290
89 9 1002238848026
9 89 1002238848026
89 33 60932032213342434
33 89 60932032213342434
89 57 -705168415989613
57 89 -705168415989613
89 81 930511925262
81 89 930511925262
88 10 -1986455596669
10 88 -1986455596669
88 34 363119469449354039
34 88 363119469449354039
88 58 -3313594991273270
58 88 -3313594991273270
88 82 1964893676480
82 88 1964893676480
87 11 -30384648628712
11 87 -30384648628712
87 35 1855729642061282236
35 87 1855729642061282236
87 59 -12956056721557976
59 87 -12956056721557976
87 83 3313948773174
83 87 3313948773174
86 12 -27439932793148
12 86 -27439932793148
86 36 8298286135450146025
36 86 8298286135450146025
86 60 -42526516025640739
60 86 -42526516025640739
86 84 4515496882541
84 86 4515496882541
85 13 740139885794672
13 85 740139885794672
85 37 32966116260945367002
37 85 32966116260945367002
85 61 -118083324140928284
61 85 -118083324140928284
85 85 5002581111938
84 14 3796536089128200
14 84 3796536089128200
84 38 117732270829722429937
38 84 117732270829722429937
84 62 -278437510753085497
62 84 -278437510753085497
83 15 -79811693578616
15 83 -79811693578616
83 39 381590388934898128464
39 83 381590388934898128464
83 63 -555970392982769480
63 83 -555970392982769480
82 16 -85214400116156147
16 82 -85214400116156147
82 40 1131280205054242003727
40 82 1131280205054242003727
82 64 -925725281724272778
64 82 -925725281724272778
81 17 -458029723203072522
17 81 -458029723203072522
81 41 3088002682747688119782
41 81 3088002682747688119782
81 65 -1227681520311256071
65 81 -1227681520311256071
80 18 -957239199978203589
18 80 -957239199978203589
80 42 7805267557266075344119
42 80 7805267557266075344119
80 66 -1104089677145254945
66 80 -1104089677145254945
79 19 2394016405639058424
19 79 2394016405639058424
79 43 18359816433347413576937
43 79 18359816433347413576937
79 67 -27151859530561244
67 79 -27151859530561244
78 20 28652681827241591879
20 78 28652681827241591879
78 44 40369482479185107207411
44 78 40369482479185107207411
78 68 2520178268893386125
68 78 2520178268893386125
77 21 130543521359774115234
21 77 130543521359774115234
77 45 83308085007520709495583
45 77 83308085007520709495583
77 69 6732590198156857379
69 77 6732590198156857379
76 22 376832894511237000303
22 76 376832894511237000303
76 46 161940413382381621326984
46 76 161940413382381621326984
76 70 12186587150506475950
70 76 12186587150506475950
75 23 612953535283152941296
23 75 612953535283152941296
75 47 297509563415900030321255
47 75 297509563415900030321255
75 71 17774629478693355084
71 75 17774629478693355084
74 24 -492800765669420158082
24 74 -492800765669420158082
74 48 518127912457053865348726
48 74 518127912457053865348726
74 72 22004527790369519017
72 74 22004527790369519017
73 1 46882816
1 73 46882816
73 25 -8042212516475324692216
25 73 -8042212516475324692216
73 49 857732009848499072353618
49 73 857732009848499072353618
73 73 23584842518185045482
72 2 52055023616
2 72 52055023616
72 26 -36272703060906445604214
26 72 -36272703060906445604214
72 50 1353044276373790851421384
50 72 1353044276373790851421384
71 3 10085898219520
3 71 10085898219520
71 27 -116997571622941035742064
27 71 -116997571622941035742064
71 51 2038295192351948794773818
51 71 2038295192351948794773818
70 4 647415744937984
4 70 647415744937984
70 28 -308430444385719193195683
28 70 -308430444385719193195683
70 52 2937992487054695458834468
52 70 2937992487054695458834468
69 5 19169885464784896
5 69 19169885464784896
69 29 -695867015130521437081370
29 69 -695867015130521437081370
69 53 4058692068802784993970226
53 69 4058692068802784993970226
68 6 331331903672578048
6 68 331331903672578048
68 30 -1367935971191294505380419
30 68 -1367935971191294505380419
68 54 5381362409788778823420006
54 68 5381362409788778823420006
67 7 3917731375950647296
7 67 3917731375950647296
67 31 -2345790184187801065037016
31 67 -2345790184187801065037016
67 55 6856321713603502800262922
55 67 6856321713603502800262922
66 8 34930812877710405632
8 66 34930812877710405632
66 32 -3442965747307232560836711
32 66 -3442965747307232560836711
66 56 8402656538812122286156174
56 66 8402656538812122286156174
65 9 249577603945850609664
9 65 249577603945850609664
65 33 -4045789255052660840269278
33 65 -4045789255052660840269278
65 57 9913386209468051872112816
57 65 9913386209468051872112816
64 10 1487337346864554143744
10 64 1487337346864554143744
64 34 -2830269983932251396948233
34 64 -2830269983932251396948233
64 58 11266475317271906407347474
58 64 11266475317271906407347474
63 11 7601068613883012038656
11 63 7601068613883012038656
63 35 2531554403623210268045848
35 63 2531554403623210268045848
63 59 12340371161384227156881724
59 63 12340371161384227156881724
62 12 33989780010803798118400
12 62 33989780010803798118400
62 36 15583355663336024107308672
36 62 15583355663336024107308672
62 60 13031449999638611157848798
60 62 13031449999638611157848798
61 13 135029212204832223240192
13 61 135029212204832223240192
61 37 41093412372680567860844304
37 61 41093412372680567860844304
61 61 13270002980359599918782012
60 14 482231381318543073021952
14 60 482231381318543073021952
60 38 84739017832129135051676276
38 60 84739017832129135051676276
59 15 1562994233077342734188544
15 59 1562994233077342734188544
59 39 152387192215576151653418312
39 59 152387192215576151653418312
58 16 4633723719902175247265792
16 58 4633723719902175247265792
58 40 248983865069663962110724025
40 58 248983865069663962110724025
57 17 12648458988534530538627072
17 57 12648458988534530538627072
57 41 377190636647668914334548558
41 57 377190636647668914334548558
56 18 31970375914561844609511424
18 56 31970375914561844609511424
56 42 536035312224005755438037427
42 56 536035312224005755438037427
55 19 75201808110991006011133952
19 55 75201808110991006011133952
55 43 719921983616889752311256248
43 55 719921983616889752311256248
54 20 165353400234742199121555456
20 54 165353400234742199121555456
54 44 918338591904618704832458223
44 54 918338591904618704832458223
53 21 341229916190804826093907968
21 53 341229916190804826093907968
53 45 1116490835140506763188005898
45 53 1116490835140506763188005898
52 22 663307933214235120955326464
22 52 663307933214235120955326464
52 46 1296899222330130938381866563
46 52 1296899222330130938381866563
51 23 1218599171751526524195860480
23 51 1218599171751526524195860480
51 47 1441764484242975372531026288
47 51 1441764484242975372531026288
50 24 2122251929424092632468381696
24 50 2122251929424092632468381696
50 48 1535692682583694874991400044
48 50 1535692682583694874991400044
49 1 -40684748800
1 49 -40684748800
49 25 3513270312339452200360419328
25 49 3513270312339452200360419328
49 49 1568235453137484634147722868
48 2 127253757296640
2 48 127253757296640
48 26 5542069356027047327421988864
26 48 5542069356027047327421988864
47 3 -12214765858324480
3 47 -12214765858324480
47 27 8348857107873582263393558528
27 47 8348857107873582263393558528
46 4 -296783717320359936
4 46 -296783717320359936
46 28 12034017226976032599385980928
28 46 12034017226976032599385980928
45 5 -3819507415787765760
5 45 -3819507415787765760
45 29 16624402713816207335302045696
29 45 16624402713816207335302045696
44 6 -37278853151095521280
6 44 -37278853151095521280
44 30 22042060430494838060728344576
30 44 22042060430494838060728344576
43 7 -304055098652556787712
7 43 -304055098652556787712
43 31 28083493738919947469876928512
31 43 28083493738919947469876928512
42 8 -2082505872771918069760
8 42 -2082505872771918069760
42 32 34417281182974452884095688704
32 42 34417281182974452884095688704
41 9 -11830762831435591057408
9 41 -11830762831435591057408
41 33 40605229913981140468174094336
33 41 40605229913981140468174094336
40 10 -55592898905109765816320
10 40 -55592898905109765816320
40 34 46147482899545728644495253504
34 40 46147482899545728644495253504
39 11 -217366562125830019874816
11 39 -217366562125830019874816
39 35 50546160277029794434587541504
35 39 50546160277029794434587541504
38 12 -713476545089636216602624
12 38 -713476545089636216602624
38 36 53376819198519751302548676608
36 38 53376819198519751302548676608
37 13 -1981109435110368261177344
13 37 -1981109435110368261177344
37 37 54353932207552921267331121152
36 14 -4671406260406838049636352
14 36 -4671406260406838049636352
35 15 -9327635372676807844167680
15 35 -9327635372676807844167680
34 16 -15531093008148976839426048
16 34 -15531093008148976839426048
33 17 -20597078045470330334478336
17 33 -20597078045470330334478336
32 18 -18523550996836205587333120
18 32 -18523550996836205587333120
31 19 -455532612145884591816704
19 31 -455532612145884591816704
30 20 42281575175730419990528000
20 30 42281575175730419990528000
29 21 112954119993960398128676864
21 29 112954119993960398128676864
28 22 204457004926871656411955200
22 28 204457004926871656411955200
27 23 298208798084005816008966144
23 27 298208798084005816008966144
26 24 369174715717032140364316672
24 26 369174715717032140364316672
25 1 6665789243392
1 25 6665789243392
25 25 395687997253574436021338112
24 2 11445160130904064
2 24 11445160130904064
23 3 809853398336667648
3 23 809853398336667648
22 4 17918654686202691584
4 22 17918654686202691584
21 5 201406328720685268992
5 21 201406328720685268992
20 6 1403984392389352488960
6 20 1403984392389352488960
19 7 6742867457523809517568
7 19 6742867457523809517568
18 8 23758616433941482045440
8 18 23758616433941482045440
17 9 63944292600612579704832
9 17 63944292600612579704832
16 10 135026465289580870369280
10 16 135026465289580870369280
15 11 227732825622426433880064
11 15 227732825622426433880064
14 12 310302582971256774066176
12 14 310302582971256774066176
13 13 343774756341776402874368
1 1 -281474976710656
