# Weber-f modular polynomial Phi_37^f(X,Y); r=q^(1/48).
38 0 1
0 38 1
37 13 37
13 37 37
37 37 -1
36 2 111
2 36 111
36 26 185
26 36 185
35 15 -3996
15 35 -3996
34 4 4403
4 34 4403
34 28 1887
28 34 1887
33 17 -12321
17 33 -12321
32 6 76701
6 32 76701
32 30 4921
30 32 4921
31 19 19980
19 31 19980
30 8 612646
8 30 612646
29 21 177822
21 29 177822
28 10 2478778
10 28 2478778
27 23 427572
23 27 427572
26 12 5825798
12 26 5825798
25 1 -2368
1 25 -2368
25 25 556147
24 14 8185658
14 24 8185658
23 3 255744
3 23 255744
22 16 6647235
16 22 6647235
21 5 788544
5 21 788544
20 18 3278829
18 20 3278829
19 7 -1278720
7 19 -1278720
17 9 -11380608
9 17 -11380608
15 11 -27364608
11 15 -27364608
13 13 -35593408
12 2 757760
2 12 757760
10 4 7729152
4 10 7729152
8 6 20156416
6 8 20156416
1 1 262144
