# Weber-f modular polynomial Phi_31^f(X,Y); r=q^(1/48).
32 0 1
0 32 1
31 7 31
7 31 31
31 31 -1
30 14 248
14 30 248
29 21 403
21 29 403
28 4 775
4 28 775
28 28 93
27 11 -7936
11 27 -7936
26 18 -6355
18 26 -6355
25 1 248
1 25 248
25 25 -1984
24 8 38657
8 24 38657
23 15 59768
15 23 59768
22 22 19747
21 5 -63488
5 21 -63488
20 12 -252526
12 20 -252526
19 19 -137330
18 2 15872
2 18 15872
17 9 478144
9 17 478144
16 16 537726
14 6 -406720
6 14 -406720
13 13 -1098640
11 3 206336
3 11 206336
10 10 1263808
7 7 -1015808
4 4 380928
1 1 -32768
