# Weber-f modular polynomial Phi_137^f(X,Y); r=q^(1/48).
138 0 1
0 138 1
137 17 185087
17 137 185087
137 41 -459224
41 137 -459224
137 65 101106
65 137 101106
137 89 -6165
89 137 -6165
137 113 137
113 137 137
137 137 -1
136 10 8427281
10 136 8427281
136 34 6616851208
34 136 6616851208
136 58 11952645556
58 136 11952645556
136 82 1357270508
82 136 1357270508
136 106 15195903
106 136 15195903
136 130 6302
130 136 6302
135 3 291262
3 135 291262
135 27 -1177690740175
27 135 -1177690740175
135 51 19669323752140
51 135 19669323752140
135 75 -2975336250587
75 135 -2975336250587
135 99 28863242885
99 135 28863242885
135 123 -12451793
123 135 -12451793
134 20 11011167592960
20 134 11011167592960
134 44 2935848825497271
44 134 2935848825497271
134 68 258390078713544
68 134 258390078713544
134 92 -2594787271549
92 134 -2594787271549
134 116 8526852189
116 134 8526852189
133 13 -4639156324862
13 133 -4639156324862
133 37 84098183996247217
37 133 84098183996247217
133 61 -13735726390370028
61 133 -13735726390370028
133 85 11112841632361
85 133 11112841632361
133 109 -1876489714044
109 133 -1876489714044
133 133 212898
132 6 26047413659
6 132 26047413659
132 30 571033664685409583
30 132 571033664685409583
132 54 249422343966468495
54 132 249422343966468495
132 78 6659432352237422
78 132 6659432352237422
132 102 180975099611487
102 132 180975099611487
132 126 1679195300
126 132 1679195300
131 23 818751204635941724
23 131 818751204635941724
131 47 -2063671552491857537
47 131 -2063671552491857537
131 71 -252014387899865631
71 131 -252014387899865631
131 95 -9330463505445924
95 131 -9330463505445924
131 119 327527794436
119 131 327527794436
130 16 145572152072093301
16 130 145572152072093301
130 40 32742026573888279787
40 130 32742026573888279787
130 64 4698972567777742243
64 130 4698972567777742243
130 88 284175001188427498
88 130 284175001188427498
130 112 -69192261424974
112 130 -69192261424974
129 9 751943493940300
9 129 751943493940300
129 33 -156212226108950644828
33 129 -156212226108950644828
129 57 -68533874581843336496
57 129 -68533874581843336496
129 81 -5788330124566603851
81 129 -5788330124566603851
129 105 4300894145106171
105 129 4300894145106171
129 129 -6549611471
128 2 134836496
2 128 134836496
128 26 367312921481503051136
26 128 367312921481503051136
128 50 694509455402761608857
50 128 694509455402761608857
128 74 84525322465514977138
74 128 84525322465514977138
128 98 -130152654438088774
98 128 -130152654438088774
128 122 5231345240572
122 128 5231345240572
127 19 -250690445349587769016
19 127 -250690445349587769016
127 43 -3917716561760045212846
43 127 -3917716561760045212846
127 67 -904352545913773335932
67 127 -904352545913773335932
127 91 2744111534507460471
91 127 2744111534507460471
127 115 -240283561204347
115 127 -240283561204347
126 12 4897038550449644913
12 126 4897038550449644913
126 36 13903575747264200995863
36 126 13903575747264200995863
126 60 6806810919584182675198
60 126 6806810919584182675198
126 84 -43777280649331577787
84 126 -43777280649331577787
126 108 2764962896436889
108 126 2764962896436889
125 5 -74226501197792
5 125 -74226501197792
125 29 -23388203251468082351918
29 125 -23388203251468082351918
125 53 -35309554416743500676858
53 125 -35309554416743500676858
125 77 570962518872585136723
77 125 570962518872585136723
125 101 -381140032055697721
101 125 -381140032055697721
125 125 161767247984
124 22 12979906108974744792706
22 124 12979906108974744792706
124 46 123265352456149568639097
46 124 123265352456149568639097
124 70 -5609957362107430075068
70 124 -5609957362107430075068
124 94 12730303432434388693
94 124 12730303432434388693
124 118 1772579563882913
118 124 1772579563882913
123 15 2713685674869460933650
15 123 2713685674869460933650
123 39 -265333026262225973190535
39 123 -265333026262225973190535
123 63 38780125907824706979638
63 123 38780125907824706979638
123 87 -253697573899488341772
87 123 -253697573899488341772
123 111 -52390716487917437
111 123 -52390716487917437
122 8 2329154433153492816
8 122 2329154433153492816
122 32 357251583070489845374000
32 122 357251583070489845374000
122 56 -179611723876718995231217
56 122 -179611723876718995231217
122 80 3451845474461988485786
80 122 3451845474461988485786
122 104 1014986403656721863
104 122 1014986403656721863
121 1 47382272
1 121 47382272
121 25 -154332380036470403365892
25 121 -154332380036470403365892
121 49 479356142274069906681148
49 121 479356142274069906681148
121 73 -28786904781309499255538
73 121 -28786904781309499255538
121 97 -759009197280998759
97 121 -759009197280998759
121 121 1275696352286938
120 18 -117723568053295793527789
18 120 -117723568053295793527789
120 42 -519027286526143620568512
42 120 -519027286526143620568512
120 66 141040991111307662123887
66 120 141040991111307662123887
120 90 -356121124606081070302
90 120 -356121124606081070302
120 114 163535242949589336
114 120 163535242949589336
119 11 -4011047125593404304256
11 119 -4011047125593404304256
119 35 95970197840430098175516
35 119 95970197840430098175516
119 59 -308683560666979042823451
59 119 -308683560666979042823451
119 83 9294551914420533586637
83 119 9294551914420533586637
119 107 1286132562879493393
107 119 1286132562879493393
118 4 2818858903797760
4 118 2818858903797760
118 28 264176532265816386283746
28 118 264176532265816386283746
118 52 -648568216012314104619161
52 118 -648568216012314104619161
118 76 -82281585019794170029896
76 118 -82281585019794170029896
118 100 12266920401095191750
100 118 12266920401095191750
117 21 607980577856828113318792
21 117 607980577856828113318792
117 45 3975773228819994780006016
45 117 3975773228819994780006016
117 69 285699236998985371137740
69 117 285699236998985371137740
117 93 -138402015934120341692
93 117 -138402015934120341692
117 117 288620002461483482
116 14 207678497743595916683296
14 116 207678497743595916683296
116 38 -831701747897091769833200
38 116 -831701747897091769833200
116 62 625331910798028407099217
62 116 625331910798028407099217
116 86 20053716973032949788232
86 116 20053716973032949788232
116 110 8044628209929696064
110 116 8044628209929696064
115 7 209600308386801081344
7 115 209600308386801081344
115 31 -13304963695629407696079608
31 115 -13304963695629407696079608
115 55 -7888936660834910681231642
55 115 -7888936660834910681231642
115 79 -154510467218331627260140
79 115 -154510467218331627260140
115 103 120844200526032565867
103 115 120844200526032565867
114 24 16708698368937057761030463
24 114 16708698368937057761030463
114 48 10339107475215498731640272
48 114 10339107475215498731640272
114 72 125420713066928654571571
72 114 125420713066928654571571
114 96 1667580419622317463448
96 114 1667580419622317463448
113 17 -2469318080583526453854272
17 113 -2469318080583526453854272
113 41 23145682934080332619950547
41 113 23145682934080332619950547
113 65 5842855059510169959601756
65 113 5842855059510169959601756
113 89 44255924415119185110146
89 113 44255924415119185110146
113 113 12850240509366615866
112 10 94032107899264781090816
10 112 94032107899264781090816
112 34 -24359851071384570138093439
34 112 -24359851071384570138093439
112 58 -19666444629817811376233427
58 112 -19666444629817811376233427
112 82 -238543426919171036948453
82 112 -238543426919171036948453
112 106 430621800866026983055
106 112 430621800866026983055
111 3 -4823821271756800
3 111 -4823821271756800
111 27 -44681020388966345099779398
27 111 -44681020388966345099779398
111 51 -50680386215771608337761596
51 111 -50680386215771608337761596
111 75 -420382103422471434346218
75 111 -420382103422471434346218
111 99 8180489524280794845631
99 111 8180489524280794845631
110 20 4226824516253062180539936
20 110 4226824516253062180539936
110 44 100374363425998974437098224
44 110 100374363425998974437098224
110 68 18500794474303668871403859
68 110 18500794474303668871403859
110 92 83353752958264112223984
92 110 83353752958264112223984
109 13 -5987380032375829082091008
13 109 -5987380032375829082091008
109 37 273269934836957241161982426
37 109 273269934836957241161982426
109 61 8595509066191402027708612
61 109 8595509066191402027708612
109 85 -295997200202525669430060
85 109 -295997200202525669430060
109 109 630279138705883592760
108 6 2338953890551437651968
6 108 2338953890551437651968
108 30 -390211637506085031069065451
30 108 -390211637506085031069065451
108 54 -302859225384712163099059012
54 108 -302859225384712163099059012
108 78 -805792710027216969472084
78 108 -805792710027216969472084
108 102 19775088209949146479891
102 108 19775088209949146479891
107 23 -212879419130070523137273728
23 107 -212879419130070523137273728
107 47 -287373356666756695857926384
47 107 -287373356666756695857926384
107 71 45827936588351096504727639
71 107 45827936588351096504727639
107 95 134972870657080999242738
95 107 134972870657080999242738
106 16 91456405266045400415744000
16 106 91456405266045400415744000
106 40 1332901135065897096924647181
40 106 1332901135065897096924647181
106 64 213266597942740707483209111
64 106 213266597942740707483209111
106 88 -855703861615861060743962
88 106 -855703861615861060743962
105 9 -639845278142261841215488
9 105 -639845278142261841215488
105 33 649649896642917617329712476
33 105 649649896642917617329712476
105 57 -470283825252198815001783248
57 105 -470283825252198815001783248
105 81 -1292334081999199437565056
81 105 -1292334081999199437565056
105 105 26375925154166680088414
104 2 433641960767488
2 104 433641960767488
104 26 -389757617142153122209495024
26 104 -389757617142153122209495024
104 50 -2912033795967339558525806000
50 104 -2912033795967339558525806000
104 74 110704798507277352912226989
74 104 110704798507277352912226989
104 98 194893624538055180797940
98 104 194893624538055180797940
103 19 24568370647150105132932096
19 103 24568370647150105132932096
103 43 -319985215249470674167436384
43 103 -319985215249470674167436384
103 67 873663305659156192190996322
67 103 873663305659156192190996322
103 91 -3281610501967898679156632
91 103 -3281610501967898679156632
102 12 56949046260794167279054848
12 102 56949046260794167279054848
102 36 8019934313866175502470753095
36 102 8019934313866175502470753095
102 60 1233857744221131930273900908
60 102 1233857744221131930273900908
102 84 -14142275476473848618500137
84 102 -14142275476473848618500137
101 5 5511458586378057613312
5 101 5511458586378057613312
101 29 4372318957391315858591718816
29 101 4372318957391315858591718816
101 53 -7193848058952627245698945320
53 101 -7193848058952627245698945320
101 77 217045677989462904636344026
77 101 217045677989462904636344026
101 101 226518356738501015631666
100 22 -212915647461655493077299200
22 100 -212915647461655493077299200
100 46 -18758039226047836826071597000
46 100 -18758039226047836826071597000
100 70 2407482607440506768875198725
70 100 2407482607440506768875198725
100 94 -7350595125489873365717588
94 100 -7350595125489873365717588
99 15 -1086804075570077586188431360
15 99 -1086804075570077586188431360
99 39 5906257243801710180684308566
39 99 5906257243801710180684308566
99 63 9009919241450556715156715252
63 99 9009919241450556715156715252
99 87 -68285758977319442377387800
87 99 -68285758977319442377387800
98 8 2145781453546342304120832
8 98 2145781453546342304120832
98 32 21326418161054353550794354896
32 98 21326418161054353550794354896
98 56 2177794694539176935966455792
56 98 2177794694539176935966455792
98 80 207341396334507706861176171
80 98 207341396334507706861176171
97 1 -481531265024
1 97 -481531265024
97 25 5925294831124565150707340032
25 97 5925294831124565150707340032
97 49 -56961223384321074675439609648
49 97 -56961223384321074675439609648
97 73 4884949688214221929425078980
73 97 4884949688214221929425078980
97 97 -9526839039581952274493932
96 18 -2125935765611084269848625152
18 96 -2125935765611084269848625152
96 42 -82166597136820057286069942267
42 96 -82166597136820057286069942267
96 66 27755174790749088471151445264
66 96 27755174790749088471151445264
96 90 -158808330289297646754427826
90 96 -158808330289297646754427826
95 11 -256751472591506323069075456
11 95 -256751472591506323069075456
95 35 -5119763443991530786678982144
35 95 -5119763443991530786678982144
95 59 63814559662112309289467092112
59 95 63814559662112309289467092112
95 83 -257330788741938554290242747
83 95 -257330788741938554290242747
94 4 3078460618044626436096
4 94 3078460618044626436096
94 28 25695837037055737455897145344
28 94 25695837037055737455897145344
94 52 -20474222652725864446780454280
52 94 -20474222652725864446780454280
94 76 6946727409557877005507609051
76 94 6946727409557877005507609051
93 21 16284767145246698618904641536
21 93 16284767145246698618904641536
93 45 -283048623657073868787303009696
45 93 -283048623657073868787303009696
93 69 57607042847804088968551041664
69 93 57607042847804088968551041664
93 93 -207553194454101790009037368
92 14 8078318138566218130331860992
14 92 8078318138566218130331860992
92 38 -300128627616765389217145552000
38 92 -300128627616765389217145552000
92 62 216615955217607732589346108880
62 92 216615955217607732589346108880
92 86 -1139132553327256113527073819
86 92 -1139132553327256113527073819
91 7 -2163916461825702008717312
7 91 -2163916461825702008717312
91 31 -73567579306689714139629154304
31 91 -73567579306689714139629154304
91 55 336992966592975961099038220832
55 91 336992966592975961099038220832
91 79 6027208803617361467654002278
79 91 6027208803617361467654002278
90 24 42348984218482682804798554112
24 90 42348984218482682804798554112
90 48 -155415790988912288593882368342
48 90 -155415790988912288593882368342
90 72 89914827686060351012301663584
72 90 89914827686060351012301663584
89 17 31415084140073445404255715328
17 89 31415084140073445404255715328
89 41 -911379574149137194807033754368
41 89 -911379574149137194807033754368
89 65 457438108155803661258061816878
65 89 457438108155803661258061816878
89 89 -1626420728981012461115128008
88 10 728245946708406156768837632
10 88 728245946708406156768837632
88 34 -745480651767638926982606336000
34 88 -745480651767638926982606336000
88 58 1244365769098403320693558879170
58 88 1244365769098403320693558879170
88 82 2063143407497631143908952969
82 88 2063143407497631143908952969
87 3 329996493163583242240
3 87 329996493163583242240
87 27 -207586861939800507751471497216
27 87 -207586861939800507751471497216
87 51 1451043386059858786229008337868
51 87 1451043386059858786229008337868
87 75 111925232439153516233832186782
75 87 111925232439153516233832186782
86 20 -42504566604583017160321335296
20 86 -42504566604583017160321335296
86 44 -327587562443613831148487268480
44 86 -327587562443613831148487268480
86 68 745386150005744790003990448176
68 86 745386150005744790003990448176
85 13 -37024751332091232965737054208
13 85 -37024751332091232965737054208
85 37 -1841625103091872574898930001920
37 85 -1841625103091872574898930001920
85 61 2673115093854551910991357109796
61 85 2673115093854551910991357109796
85 85 -355195531011251006102940394
84 6 4184612539951738697809920
6 84 4184612539951738697809920
84 30 -1240511387175781020053745713152
30 84 -1240511387175781020053745713152
84 54 5572065258926533600627180081710
54 84 5572065258926533600627180081710
84 78 119046114202093391064739696146
78 84 119046114202093391064739696146
83 23 -517009353004476706405196890112
23 83 -517009353004476706405196890112
83 47 5391887465487615377584611533312
47 83 5391887465487615377584611533312
83 71 1042127386136106749456733962984
71 83 1042127386136106749456733962984
82 16 -188336542975754497143568596992
16 82 -188336542975754497143568596992
82 40 557515441802029295607412682752
40 82 557515441802029295607412682752
82 64 4471156539581239920810412686634
64 82 4471156539581239920810412686634
81 9 -1149807617176495334554075136
9 81 -1149807617176495334554075136
81 33 -1926282548233006346247304183808
33 81 -1926282548233006346247304183808
81 57 12061991646948270618057922415192
57 81 12061991646948270618057922415192
81 81 119251319147166946035790145112
80 2 3208513860231233536
2 80 3208513860231233536
80 26 -1288860115259740086352833871872
26 80 -1288860115259740086352833871872
80 50 19909852305574453131096942066720
50 80 19909852305574453131096942066720
80 74 1292607297887334222082892707856
74 80 1292607297887334222082892707856
79 19 -323678173309938216807642955776
19 79 -323678173309938216807642955776
79 43 16336527273500751178103575580672
43 79 16336527273500751178103575580672
79 67 6591451665766666882025097843696
67 79 6591451665766666882025097843696
78 12 114199337069022462925254688768
12 78 114199337069022462925254688768
78 36 5053881320329756386401898119168
36 78 5053881320329756386401898119168
78 60 20366490200258148993722281825386
60 78 20366490200258148993722281825386
77 5 -3687155977090212474912768
5 77 -3687155977090212474912768
77 29 563315282161919723287911596032
29 77 563315282161919723287911596032
77 53 42769841501672830575861713756736
53 77 42769841501672830575861713756736
77 77 1396098055424857366487342448300
76 22 655708033696953435002468564992
22 76 655708033696953435002468564992
76 46 55453684535707579542872603873280
46 76 55453684535707579542872603873280
76 70 8640322209750413088267106942956
70 76 8640322209750413088267106942956
75 15 650622548862771199134094327808
15 75 650622548862771199134094327808
75 39 36904629212981480305281905672192
39 75 36904629212981480305281905672192
75 63 30527031140503329718873478161236
63 75 30527031140503329718873478161236
74 8 1261370843962909145650167808
8 74 1261370843962909145650167808
74 32 13976639762775455005619592298496
32 74 13976639762775455005619592298496
74 56 71538504633299838732966602986144
56 74 71538504633299838732966602986144
73 1 434246963429376
1 73 434246963429376
73 25 6126677586880935975559370899456
25 73 6126677586880935975559370899456
73 49 117104155687885737282063825120768
49 73 117104155687885737282063825120768
73 73 9546876984729280957605926849128
72 18 2366275172728488689907470958592
18 72 2366275172728488689907470958592
72 42 113685195942908266377836319801344
42 72 113685195942908266377836319801344
72 66 40652240243491056180591564003326
66 72 40652240243491056180591564003326
71 11 -242760288047124682111547604992
11 71 -242760288047124682111547604992
71 35 57256398399678460211429134958592
35 71 57256398399678460211429134958592
71 59 105463226652266670112401565499136
59 71 105463226652266670112401565499136
70 4 1109776937685537232257024
4 70 1109776937685537232257024
70 28 19399489066687443890501172854784
28 70 19399489066687443890501172854784
70 52 190818854401470666241021554733056
52 70 190818854401470666241021554733056
69 21 4793237810167169352418029731840
21 69 4793237810167169352418029731840
69 45 235958447504605548415185066655744
45 69 235958447504605548415185066655744
69 69 45195841043538092580280767765552
68 14 -1505911462637865113188992811008
14 68 -1505911462637865113188992811008
68 38 157776780161221051605005023641600
38 68 157776780161221051605005023641600
68 62 138245155356006609412273711087296
62 68 138245155356006609412273711087296
67 7 -1082393554151381007939403776
7 67 -1082393554151381007939403776
67 31 48054074436066839368541288792064
31 67 48054074436066839368541288792064
67 55 266784610850843327860923894523904
55 67 266784610850843327860923894523904
66 24 2104210393997884494336634126336
24 66 2104210393997884494336634126336
66 48 368291134202103197746387614040064
48 66 368291134202103197746387614040064
65 17 -7727425911799395709792003555328
17 65 -7727425911799395709792003555328
65 41 320140062766807248366801976033280
41 65 320140062766807248366801976033280
65 65 152750031755668495321694829586048
64 10 363033495673240914605897678848
10 64 363033495673240914605897678848
64 34 116082394799566857607291327217664
34 64 116082394799566857607291327217664
64 58 330907468259157560853220533211136
58 64 330907468259157560853220533211136
63 3 -204463550253990812844032
3 63 -204463550253990812844032
63 27 -7052841351653142507856318169088
27 63 -7052841351653142507856318169088
63 51 458445752070772802493776637059072
51 63 458445752070772802493776637059072
62 20 -22087294795191217058116666392576
20 62 -22087294795191217058116666392576
62 44 455260727512785027432946666766336
44 62 455260727512785027432946666766336
61 13 2452265345799535953200973611008
13 61 2452265345799535953200973611008
61 37 227588888843479054691959073406976
37 61 227588888843479054691959073406976
61 61 357401102188763485820759666764800
60 6 457632706604545278677614592
6 60 457632706604545278677614592
60 30 -13518958347351984975698559238144
30 60 -13518958347351984975698559238144
60 54 487612883771774529801173795414016
54 60 487612883771774529801173795414016
59 23 -41476087724525901922797711523840
23 59 -41476087724525901922797711523840
59 47 394999156153867401144172693291008
47 59 394999156153867401144172693291008
58 16 14825563423659843741579430854656
16 58 14825563423659843741579430854656
58 40 217413212002852753229664664682496
40 58 217413212002852753229664664682496
57 9 -397771017335442715421322510336
9 57 -397771017335442715421322510336
57 33 -21681768037862280791107458564096
33 57 -21681768037862280791107458564096
57 57 488453403226795810962596434378752
56 2 1492334705583438430208
2 56 1492334705583438430208
56 26 -64033513580850352445250829549568
26 56 -64033513580850352445250829549568
56 50 135210166353764754647217141776384
50 56 135210166353764754647217141776384
55 19 39919796503410382545475497623552
19 55 39919796503410382545475497623552
55 43 -269830889135866961503445578678272
43 55 -269830889135866961503445578678272
54 12 -3008351819147084333683920863232
12 54 -3008351819147084333683920863232
54 36 -237268010400304676623878394478592
36 54 -237268010400304676623878394478592
53 5 12218698592414144068059136
5 53 12218698592414144068059136
53 29 -79456143411088270425163416207360
29 53 -79456143411088270425163416207360
53 53 -23278094320353345935962301661184
52 22 86130058562416633270866565660672
22 52 86130058562416633270866565660672
52 46 -1194467056237680906497764956831744
46 52 -1194467056237680906497764956831744
51 15 -17433964527565529904704171016192
15 51 -17433964527565529904704171016192
51 39 -1145644928086427385764988636364800
39 51 -1145644928086427385764988636364800
50 8 312453718129934652819738984448
8 50 312453718129934652819738984448
50 32 -229701256293814560673449138716672
32 50 -229701256293814560673449138716672
49 1 -108455826963824640
1 49 -108455826963824640
49 25 190077748017184827990247227785216
25 49 190077748017184827990247227785216
49 49 -1705425742311994122426256466116608
48 18 -24472457337565745274748269494272
18 48 -24472457337565745274748269494272
48 42 -2664361659862889107890734593212416
42 48 -2664361659862889107890734593212416
47 11 3017182540105195056885185642496
11 47 3017182540105195056885185642496
47 35 -880900611510141779301208206344192
35 47 -880900611510141779301208206344192
46 4 -45647980426772587567120384
4 46 -45647980426772587567120384
46 28 358001642954607614932485106827264
28 46 358001642954607614932485106827264
45 21 -9510914114200284129527764877312
21 45 -9510914114200284129527764877312
45 45 -3482164774846467816968261875007488
44 14 13997116649078334746159919136768
14 44 13997116649078334746159919136768
44 38 -1973160354382251380308655502000128
38 44 -1973160354382251380308655502000128
43 7 -164143249868438575007750160384
7 43 -164143249868438575007750160384
43 31 579704065319400922570560475496448
31 43 579704065319400922570560475496448
42 24 114595253851644962835821366345728
24 42 114595253851644962835821366345728
41 17 -834539437999386058783125929984
17 41 -834539437999386058783125929984
41 41 -2557341381828783408174015805652992
40 10 -2289669711049443496242114985984
10 40 -2289669711049443496242114985984
40 34 837061743589850108970519484170240
34 40 837061743589850108970519484170240
39 3 8124280618849382495682560
3 39 8124280618849382495682560
39 27 562158959552905788525928215740416
27 39 562158959552905788525928215740416
38 20 13487621618006797094169346048000
20 38 13487621618006797094169346048000
37 13 -6705086352898512331393975975936
13 37 -6705086352898512331393975975936
37 37 972888934135523086200790251995136
36 6 50939961948351953038812905472
6 36 50939961948351953038812905472
36 30 1358933714195948255267925866315776
30 36 1358933714195948255267925866315776
35 23 132869603627667421959611106721792
23 35 132869603627667421959611106721792
34 16 17855829645681767268979476267008
16 34 17855829645681767268979476267008
33 9 1210594079328756229261467058176
9 33 1210594079328756229261467058176
33 33 1812539775022234385802120296136704
32 2 68436263088358202277888
2 32 68436263088358202277888
32 26 473473677226037854636741419335680
26 32 473473677226037854636741419335680
31 19 22625883323957607268282676543488
19 31 22625883323957607268282676543488
30 12 778267866880401288919917789184
12 30 778267866880401288919917789184
29 5 -8450958376933126994682445824
5 29 -8450958376933126994682445824
29 29 692999241751761355183918688501760
28 22 141522596127240466653593284378624
22 28 141522596127240466653593284378624
27 15 -14746675703291141885993966108672
15 27 -14746675703291141885993966108672
26 8 -311614242770434850973605167104
8 26 -311614242770434850973605167104
25 1 9871890383196127232
1 25 9871890383196127232
25 25 226063821756268530969250686304256
24 18 46031078700607129174039295164416
18 24 46031078700607129174039295164416
23 11 -1082140956703152918270534746112
11 23 -1082140956703152918270534746112
22 4 614424453456379170105851904
4 22 614424453456379170105851904
21 21 81239308471075540489614437384192
20 14 7982988663387643296573814734848
14 20 7982988663387643296573814734848
19 7 23600864847607200209589764096
7 19 23600864847607200209589764096
17 17 5745225616797354969509027381248
16 10 376958151617383631246319419392
10 16 376958151617383631246319419392
15 3 -14355939920613004927827968
3 15 -14355939920613004927827968
13 13 11656558683863888324433281024
12 6 1935980371804745789918412800
6 12 1935980371804745789918412800
9 9 -7551187911735584299151261696
8 2 116251381152517594284032
2 8 116251381152517594284032
5 5 3927274919804616119943168
1 1 -295147905179352825856
