# Weber-f modular polynomial Phi_79^f(X,Y); r=q^(1/48).
80 0 1
0 80 1
79 7 1027
7 79 1027
79 31 -1264
31 79 -1264
79 55 79
55 79 79
79 79 -1
78 14 328324
14 78 328324
78 38 528984
38 78 528984
78 62 12403
62 78 12403
77 21 34421801
21 77 34421801
77 45 -13492568
45 77 -13492568
77 69 24727
69 77 24727
76 4 137223
4 76 137223
76 28 770228275
28 76 770228275
76 52 23797328
52 76 23797328
76 76 1422
75 11 -230553600
11 75 -230553600
75 35 -837826600
35 75 -837826600
75 59 -30288600
59 75 -30288600
74 18 19875235619
18 74 19875235619
74 42 -1046568853
42 74 -1046568853
74 66 8721995
66 74 8721995
73 1 8216
1 73 8216
73 25 -81842332152
25 73 -81842332152
73 49 3216381905
49 73 3216381905
73 73 -452275
72 8 3011807297
8 72 3011807297
72 32 154264942568
32 72 154264942568
72 56 -1165621300
56 72 -1165621300
71 15 451802114216
15 71 451802114216
71 39 -124870902702
39 71 -124870902702
71 63 74307163
63 71 74307163
70 22 -868378002743
22 70 -868378002743
70 46 -15452801557
46 70 -15452801557
70 70 15262089
69 5 -1844428800
5 69 -1844428800
69 29 -73363393687
29 69 -73363393687
69 53 23075738208
53 69 23075738208
68 12 2495465553398
12 68 2495465553398
68 36 1498340580419
36 68 1498340580419
68 60 -817654661
60 68 -817654661
67 19 2890576835010
19 67 2890576835010
67 43 -551023060313
43 67 -551023060313
67 67 -191818636
66 2 21012736
2 66 21012736
66 26 -12018114207181
26 66 -12018114207181
66 50 -39731346049
50 66 -39731346049
65 9 3614416913728
9 65 3614416913728
65 33 -698403437676
33 65 -698403437676
65 57 -15128080431
57 65 -15128080431
64 16 33080627402106
16 64 33080627402106
64 40 5807917017865
40 64 5807917017865
64 64 9836654348
63 23 2436579649704
23 63 2436579649704
63 47 -1392438303806
47 63 -1392438303806
62 6 1272015079616
6 62 1272015079616
62 30 -45709081880272
30 62 -45709081880272
62 54 57000238079
54 62 57000238079
61 13 23124614680080
13 61 23124614680080
61 37 2333395367064
37 61 2333395367064
61 61 -137361890532
60 20 270036676762358
20 60 270036676762358
60 44 13382601622739
44 60 13382601622739
59 3 17623962112
3 59 17623962112
59 27 -14040530861408
27 59 -14040530861408
59 51 -974275243580
51 59 -974275243580
58 10 -55576192175552
10 58 -55576192175552
58 34 -161398487612028
34 58 -161398487612028
58 58 462738211169
57 17 19492637197632
17 57 19492637197632
57 41 -13672902745068
41 57 -13672902745068
56 24 953017566305423
24 56 953017566305423
56 48 18901962080094
48 56 18901962080094
55 7 -41903274061824
7 55 -41903274061824
55 31 -104705863937171
31 55 -104705863937171
55 55 -1450438598066
54 14 -769159309259584
14 54 -769159309259584
54 38 -233301309976892
38 54 -233301309976892
53 21 -112324246891264
21 53 -112324246891264
53 45 -41730480422442
45 53 -41730480422442
52 4 3154855014400
4 52 3154855014400
52 28 3007403948278057
28 52 3007403948278057
52 52 23690169927932
51 11 -37562057567744
11 51 -37562057567744
51 35 -171384578688352
35 51 -171384578688352
50 18 -2925381240337408
18 50 -2925381240337408
50 42 -301342433910302
42 50 -301342433910302
49 1 -41418752
1 49 -41418752
49 25 -837646911497368
25 49 -837646911497368
49 49 -37920082698464
48 8 631869204758528
8 48 631869204758528
48 32 4819766470073807
32 48 4819766470073807
47 15 -357582560090112
15 47 -357582560090112
47 39 -181597739466256
39 47 -181597739466256
46 22 -10329503207169792
22 46 -10329503207169792
46 46 -455172907710794
45 5 -27453902028800
5 45 -27453902028800
45 29 -1371076629506816
29 45 -1371076629506816
44 12 6137203017396224
12 44 6137203017396224
44 36 6583437102772660
36 44 6583437102772660
43 19 1194698427936768
19 43 1194698427936768
43 43 -332903990141092
42 2 138669981696
2 42 138669981696
42 26 -14931283838521088
26 42 -14931283838521088
41 9 -4091769739739136
9 41 -4091769739739136
41 33 -1452781915730048
33 41 -1452781915730048
40 16 23789228105175040
16 40 23789228105175040
40 40 9221652026826604
39 23 -7000526205474816
23 39 -7000526205474816
38 6 -274351745400832
6 38 -274351745400832
38 30 -19285915770259328
30 38 -19285915770259328
37 13 -18055923640336384
13 37 -18055923640336384
37 37 -2663231921128736
36 20 54815136246738944
20 36 54815136246738944
35 3 -28295965966336
3 35 -28295965966336
35 27 -21366005976290304
27 35 -21366005976290304
34 10 -4050859211358208
10 34 -4050859211358208
34 34 -29131066093490816
33 17 -45627418339115008
17 33 -45627418339115008
32 24 77422436680065024
24 32 77422436680065024
31 7 6745241744834560
7 31 6745241744834560
31 31 -19415082341613568
30 14 -10415333978669056
14 30 -10415333978669056
29 21 -31925051181629440
21 29 -31925051181629440
28 4 399252912078848
4 28 399252912078848
28 28 97034936024809472
27 11 48393330534383616
11 27 48393330534383616
26 18 14942270410981376
18 26 14942270410981376
25 1 10603200512
1 25 10603200512
25 25 -47527971981426688
24 8 -19555880324300800
8 24 -19555880324300800
23 15 -31725884132032512
15 23 -31725884132032512
22 22 121304045628686336
21 5 -4065267076300800
5 21 -4065267076300800
20 12 -13717968861003776
12 20 -13717968861003776
19 19 -288068763452964864
18 2 13317619843072
2 18 13317619843072
17 9 9973338591985664
9 17 9973338591985664
16 16 165031674713735168
14 6 9365170820218880
6 14 9365170820218880
13 13 -25745461511979008
11 3 212403312656384
3 11 212403312656384
10 10 16387543280910336
7 7 -3885012667596800
4 4 97719095918592
1 1 -549755813888
