# Weber-f modular polynomial Phi_103^f(X,Y); r=q^(1/48).
104 0 1
0 104 1
103 7 -3811
7 103 -3811
103 31 18231
31 103 18231
103 55 -2884
55 103 -2884
103 79 103
79 103 103
103 103 -1
102 14 4740575
14 102 4740575
102 38 44974126
38 102 44974126
102 62 7084958
62 102 7084958
102 86 51603
86 102 51603
101 21 -2153029703
21 101 -2153029703
101 45 7920508317
45 101 7920508317
101 69 -281282288
69 101 -281282288
101 93 115257
93 101 115257
100 4 952029
4 100 952029
100 28 290339643676
28 100 290339643676
100 52 7620995647
52 100 7620995647
100 76 956671416
76 100 956671416
100 100 4223
99 11 9046941758
11 99 9046941758
99 35 -6983079138726
35 99 -6983079138726
99 59 -162900547130
59 99 -162900547130
99 83 -850481712
83 99 -850481712
98 18 4950848945551
18 98 4950848945551
98 42 35732143647485
42 98 35732143647485
98 66 373310578547
66 98 373310578547
98 90 186120176
90 98 186120176
97 1 -30488
1 97 -30488
97 25 140963014921612
25 97 140963014921612
97 49 -81904299477298
49 97 -81904299477298
97 73 -326729065756
73 97 -326729065756
97 97 -4570625
96 8 166041488458
8 96 166041488458
96 32 -977186636501828
32 96 -977186636501828
96 56 97376016547524
56 96 97376016547524
96 80 125968911832
80 96 125968911832
95 15 -286069304538469
15 95 -286069304538469
95 39 2651100315096435
39 95 2651100315096435
95 63 -63756773645037
63 95 -63756773645037
95 87 -16616603132
87 95 -16616603132
94 22 4222647526429809
22 94 4222647526429809
94 46 -3682128999962359
46 94 -3682128999962359
94 70 23627139854475
70 94 23627139854475
94 94 1102505614
93 5 72375534064
5 93 72375534064
93 29 -26292177847284588
29 93 -26292177847284588
93 53 2769493902043918
53 93 2769493902043918
93 77 -4830742948425
77 93 -4830742948425
92 12 1934844463009257
12 92 1934844463009257
92 36 67506935081199319
36 92 67506935081199319
92 60 -1161498416176497
60 92 -1161498416176497
92 84 567672896535
84 92 567672896535
91 19 15106787624408834
19 91 15106787624408834
91 43 -73838490505310647
43 91 -73838490505310647
91 67 253360410117498
67 91 253360410117498
91 91 -75074175367
90 2 303396800
2 90 303396800
90 26 -220140356688320380
26 90 -220140356688320380
90 50 36585954055106145
50 90 36585954055106145
90 74 -9345811705013
74 90 -9345811705013
89 9 -2288554436307752
9 89 -2288554436307752
89 33 717040111667350664
33 89 717040111667350664
89 57 -6487225604528603
57 89 -6487225604528603
89 81 -7570470918156
81 89 -7570470918156
88 16 6413994416865000
16 88 6413994416865000
88 40 -668737496548045457
40 88 -668737496548045457
88 64 -1302830459370183
64 88 -1302830459370183
88 88 1918314780947
87 23 -991149832249878169
23 87 -991149832249878169
87 47 204436380132139743
47 87 204436380132139743
87 71 658259242671615
71 87 658259242671615
86 6 316854332515264
6 86 316854332515264
86 30 4617574512041254700
30 86 4617574512041254700
86 54 46540068949052144
54 86 46540068949052144
86 78 -52037157954207
78 86 -52037157954207
85 13 120854300995270672
13 85 120854300995270672
85 37 -3543147767760232738
37 85 -3543147767760232738
85 61 -41943035552213184
61 85 -41943035552213184
85 85 -8572366683206
84 20 -3248334432769887089
20 84 -3248334432769887089
84 44 414771714498422338
44 84 414771714498422338
84 68 4450305409200030
68 84 4450305409200030
83 3 -1102351207936
3 83 -1102351207936
83 27 21713400822669274848
27 83 21713400822669274848
83 51 797327974945361097
51 83 797327974945361097
83 75 1254751261428284
75 83 1254751261428284
82 10 270249441691507776
10 82 270249441691507776
82 34 -12979531726440834826
34 82 -12979531726440834826
82 58 -219037334775123597
58 82 -219037334775123597
82 82 -170948332551944
81 17 -7929198657999025352
17 81 -7929198657999025352
81 41 -1719775673001639628
41 81 -1719775673001639628
81 65 -50436635189260538
65 81 -50436635189260538
80 24 74374902093713171611
24 80 74374902093713171611
80 48 5785234657730949979
48 80 5785234657730949979
80 72 11568768431223807
72 80 11568768431223807
79 7 72173063639865344
7 79 72173063639865344
79 31 -35085534313773478760
31 79 -35085534313773478760
79 55 607526560912004707
55 79 607526560912004707
79 79 440576139715804
78 14 -14088982828052504320
14 78 -14088982828052504320
78 38 -19105113702204922326
38 78 -19105113702204922326
78 62 -617649110014018425
62 78 -617649110014018425
77 21 173707206581354198784
21 77 173707206581354198784
77 45 29665810129277887506
45 77 29665810129277887506
77 69 -70583345700501323
69 77 -70583345700501323
76 4 1189231180496896
4 76 1189231180496896
76 28 -88926686483266637396
28 76 -88926686483266637396
76 52 16884782723486083872
52 76 16884782723486083872
76 76 16393811785732512
75 11 -13461595057809709056
11 75 -13461595057809709056
75 35 -87989186943126878556
35 75 -87989186943126878556
75 59 -1585690229312923861
59 75 -1585690229312923861
74 18 295524768770640300800
18 74 295524768770640300800
74 42 119216285853633176706
42 74 119216285853633176706
74 66 -1220777764218480017
66 74 -1220777764218480017
73 1 597393408
1 73 597393408
73 25 -280684274510187830080
25 73 -280684274510187830080
73 49 138717165750031345084
49 73 138717165750031345084
73 73 -16735468991945394
72 8 -4002556463111487488
8 72 -4002556463111487488
72 32 -284466035346440436519
32 72 -284466035346440436519
72 56 22263159925351036909
56 72 22263159925351036909
71 15 367124537173683539968
15 71 367124537173683539968
71 39 403835604129391346273
39 71 403835604129391346273
71 63 -4847625236843444908
63 71 -4847625236843444908
70 22 -830690030492213428864
22 70 -830690030492213428864
70 46 742507724596155186719
46 70 742507724596155186719
70 70 -1156573392221118172
69 5 -228821537217773568
5 69 -228821537217773568
69 29 -703913495545015028448
29 69 -703913495545015028448
69 53 288156199928285690393
53 69 288156199928285690393
68 12 276508406092592410624
12 68 276508406092592410624
68 36 1221540071659636266829
36 68 1221540071659636266829
68 60 25738482084907921003
60 68 25738482084907921003
67 19 -1814091657093239161856
19 67 -1814091657093239161856
67 43 2996781029222282694686
43 67 2996781029222282694686
67 67 -6415946221920727726
66 2 11789697286144
2 66 11789697286144
66 26 -1222727276941115028864
26 66 -1222727276941115028864
66 50 1864547188942292881115
50 66 1864547188942292881115
65 9 86871255125079982080
9 65 86871255125079982080
65 33 3230684833035130770184
33 65 3230684833035130770184
65 57 451698898495765440764
57 65 451698898495765440764
64 16 -2739148785860794191872
16 64 -2739148785860794191872
64 40 9501253555983062552152
40 64 9501253555983062552152
64 64 19918258768769774746
63 23 -880525144576839489536
23 63 -880525144576839489536
63 47 8244077776687121860733
47 63 8244077776687121860733
62 6 9366967064326307840
6 62 9366967064326307840
62 30 7629842294632523309184
30 62 7629842294632523309184
62 54 3124928477389396313147
54 62 3124928477389396313147
61 13 -2419539656878019280896
13 61 -2419539656878019280896
61 37 23974248233778261557488
37 61 23974248233778261557488
61 61 488975095383094264148
60 20 1698904942585537896448
20 60 1698904942585537896448
60 44 26918478210827647794427
44 60 26918478210827647794427
59 3 16610509858013184
3 59 16610509858013184
59 27 15188894786190278403072
27 59 15188894786190278403072
59 51 14180950990197917054750
51 59 14180950990197917054750
58 10 -965248024566132637696
10 58 -965248024566132637696
58 34 47520494374153931950016
34 58 47520494374153931950016
58 58 3623900221146311819060
57 17 6698971304169955098624
17 57 6698971304169955098624
57 41 65952622213496974885864
41 57 65952622213496974885864
56 24 23696321158065971113984
24 56 23696321158065971113984
56 48 46607613220584400756993
48 56 46607613220584400756993
55 7 -171765765457414455296
7 55 -171765765457414455296
55 31 71023188864016048683008
31 55 71023188864016048683008
55 55 16892497138422752022230
54 14 9590788339821745274880
14 54 9590788339821745274880
54 38 119331020092306744391360
38 54 119331020092306744391360
53 21 26126843083009592426496
21 53 26126843083009592426496
53 45 113447607921583336438000
45 53 113447607921583336438000
52 4 127859090104778752
4 52 127859090104778752
52 28 69160070035398999539712
28 52 69160070035398999539712
52 52 56017130736318427408750
51 11 5808049675659206721536
11 51 5808049675659206721536
51 35 147535974363282273481216
35 51 147535974363282273481216
50 18 12200199834580325236736
18 50 12200199834580325236736
50 42 199995422552921364041408
42 50 199995422552921364041408
49 1 -387083927552
1 49 -387083927552
49 25 19907430347964570238976
25 49 19907430347964570238976
49 49 135139977107382016177840
48 8 1633698462837384413184
8 48 1633698462837384413184
48 32 91189903054237847179264
32 48 91189903054237847179264
47 15 -13604698150988368838656
15 47 -13604698150988368838656
47 39 231269836029831905671168
39 47 231269836029831905671168
46 22 -57419323087290000211968
22 46 -57419323087290000211968
46 46 231929614153363956419840
45 5 -21864141325745520640
5 45 -21864141325745520640
45 29 -51959897434125889077248
29 45 -51959897434125889077248
44 12 -19486709811850984292352
12 44 -19486709811850984292352
44 36 105424822619782844428288
36 44 105424822619782844428288
43 19 -87960920894394983251968
19 43 -87960920894394983251968
43 43 250355248836144263243776
42 2 7607415725883392
2 42 7607415725883392
42 26 -161913008295514846003200
26 42 -161913008295514846003200
41 9 -8557289303247144615936
9 41 -8557289303247144615936
41 33 -158846983760886002745344
33 41 -158846983760886002745344
40 16 -21857868028232784150528
16 40 -21857868028232784150528
40 40 81585187916880997359616
39 23 -105773290360428115787776
23 39 -105773290360428115787776
38 6 400839181527551049728
6 38 400839181527551049728
38 30 -320019566223289225576448
30 38 -320019566223289225576448
37 13 34005458611118794604544
13 37 34005458611118794604544
37 37 -210237725799898406125568
36 20 74663735116117290516480
20 36 74663735116117290516480
35 3 -2416196455808106496
3 35 -2416196455808106496
35 27 -148024004602497750532096
27 35 -148024004602497750532096
34 10 25369448243247081062400
10 34 25369448243247081062400
34 34 -303188775330412802080768
33 17 88350059986384815390720
17 33 88350059986384815390720
32 24 194091726824622954381312
24 32 194091726824622954381312
31 7 -2806581304149307031552
7 31 -2806581304149307031552
31 31 -35096822267396266917888
30 14 -10034988906901208563712
14 30 -10034988906901208563712
29 21 168409863514038313418752
21 29 168409863514038313418752
28 4 65741959115808178176
4 28 65741959115808178176
28 28 275042521392580072046592
27 11 -41495765957735979417600
11 27 -41495765957735979417600
26 18 -55874472897526332653568
18 26 -55874472897526332653568
25 1 56624848830464
1 25 56624848830464
25 25 59133128483665778573312
24 8 8656517706098359140352
8 24 8656517706098359140352
23 15 -65029850017598225252352
15 23 -65029850017598225252352
22 22 -183554374404082925305856
21 5 -467557265777419616256
5 21 -467557265777419616256
20 12 39010184407094667509760
12 20 39010184407094667509760
19 19 -73636069107379524861952
18 2 226952394112499712
2 18 226952394112499712
17 9 -9135074178886549897216
9 17 -9135074178886549897216
16 16 131825587961612302548992
14 6 818565190702862434304
6 14 818565190702862434304
13 13 -41272464380855526096896
11 3 4055245173842509824
3 11 4055245173842509824
10 10 4848870969125273337856
7 7 -160814570678517760000
4 4 1188668826649100288
1 1 -2251799813685248
