# Weber-f modular polynomial Phi_61^f(X,Y); r=q^(1/48).
62 0 1
0 62 1
61 13 -427
13 61 -427
61 37 61
37 61 61
61 61 -1
60 2 427
2 60 427
60 26 33855
26 60 33855
60 50 976
50 60 976
59 15 491904
15 59 491904
59 39 -173484
39 59 -173484
58 4 65209
4 58 65209
58 28 4810033
28 58 4810033
58 52 22753
52 58 22753
57 17 -39761447
17 57 -39761447
57 41 -255346
41 57 -255346
56 6 4213819
6 56 4213819
56 30 -33141605
30 56 -33141605
56 54 82655
54 56 82655
55 19 451256772
19 55 451256772
55 43 79910
43 55 79910
54 8 100619195
8 54 100619195
54 32 73936819
32 54 73936819
53 21 -2238701769
21 53 -2238701769
53 45 8780767
45 53 8780767
52 10 250770329
10 52 250770329
52 34 -124666066
34 52 -124666066
51 23 5593858844
23 51 5593858844
51 47 2420358
47 51 2420358
50 12 -5746581433
12 50 -5746581433
50 36 343640450
36 50 343640450
49 1 27328
1 49 27328
49 25 -10558795732
25 49 -10558795732
49 49 -5678612
48 14 17974087797
14 48 17974087797
48 38 -145621091
38 48 -145621091
47 3 -31481856
3 47 -31481856
47 27 22600071292
27 47 22600071292
46 16 -23941609156
16 46 -23941609156
46 40 215091429
40 46 215091429
45 5 2544732608
5 45 2544732608
45 29 -33679381915
29 45 -33679381915
44 18 57482712916
18 44 57482712916
44 42 -163432176
42 44 -163432176
43 7 -28880433408
7 43 -28880433408
43 31 43051983420
31 43 43051983420
42 20 -116519738284
20 42 -116519738284
41 9 143276913216
9 41 143276913216
41 33 -59759728053
33 41 -59759728053
40 22 95393219836
22 40 95393219836
39 11 -358006966016
11 39 -358006966016
39 35 66447720168
35 39 66447720168
38 24 -120019606086
24 38 -120019606086
37 13 675762926848
13 37 675762926848
37 37 -62823053442
36 2 138670080
2 36 138670080
36 26 188204347614
26 36 188204347614
35 15 -1446404562688
15 35 -1446404562688
34 4 19701895168
4 34 19701895168
34 28 -79462380170
28 34 -79462380170
33 17 2155480442560
17 33 2155480442560
32 6 -135748014080
6 32 -135748014080
32 30 -24204440222
30 32 -24204440222
31 19 -2755326938880
19 31 -2755326938880
30 8 302845210624
8 30 302845210624
29 21 3824622595392
21 29 3824622595392
28 10 -510632206336
10 28 -510632206336
27 23 -4252654090752
23 27 -4252654090752
26 12 1407551283200
12 26 1407551283200
25 1 -15990784
1 25 -15990784
25 25 4020675420288
24 14 -596463988736
14 24 -596463988736
23 3 45477789696
3 23 45477789696
22 16 881014493184
16 22 881014493184
21 5 66937421824
5 21 66937421824
20 18 -669418192896
18 20 -669418192896
19 7 -20947927040
7 19 -20947927040
17 9 -2301825384448
9 17 -2301825384448
15 11 -634482327552
11 15 -634482327552
13 13 1488614064128
12 2 16374562816
2 12 16374562816
10 4 381731995648
4 10 381731995648
8 6 1386720788480
6 8 1386720788480
1 1 1073741824
