# Weber-f modular polynomial Phi_157^f(X,Y); r=q^(1/48).
158 0 1
0 158 1
157 13 -298771
13 157 -298771
157 37 3290406
37 157 3290406
157 61 -1644889
61 157 -1644889
157 85 195936
85 157 195936
157 109 -8635
109 157 -8635
157 133 157
133 157 157
157 157 -1
156 2 18683
2 156 18683
156 26 22933663373
26 156 22933663373
156 50 369950520808
50 156 369950520808
156 74 234261426686
74 156 234261426686
156 98 16380888747
98 156 16380888747
156 122 147559119
122 156 147559119
156 146 73947
146 156 73947
155 15 100490320552
15 155 100490320552
155 39 -369074133225773
39 155 -369074133225773
155 63 1530872935518146
63 155 1530872935518146
155 87 -166064683846873
87 155 -166064683846873
155 111 1790625804928
111 155 1790625804928
155 135 -1328853181
135 155 -1328853181
154 4 138380585
4 154 138380585
154 28 6805652305457783
28 154 6805652305457783
154 52 478896049589615843
52 154 478896049589615843
154 76 47310221100314758
76 154 47310221100314758
154 100 -799147863840097
100 154 -799147863840097
154 124 4325074287904
124 154 4325074287904
154 148 18078864
148 154 18078864
153 17 -1848968677943079
17 153 -1848968677943079
153 41 16157239997475960114
41 153 16157239997475960114
153 65 -6143939358400201568
65 153 -6143939358400201568
153 89 107325130289705288
89 153 107325130289705288
153 113 -2104587597763134
113 153 -2104587597763134
153 137 430716132078
137 153 430716132078
152 6 517601446971
6 152 517601446971
152 30 52634933392657156281
30 152 52634933392657156281
152 54 256871831834791792471
54 152 256871831834791792471
152 78 -4823404130251848516
78 152 -4823404130251848516
152 102 430294726702999028
102 152 430294726702999028
152 126 -75528221718184
126 152 -75528221718184
152 150 158355381
150 152 158355381
151 19 5757993220578436668
19 151 5757993220578436668
151 43 -4656957628048604829739
43 151 -4656957628048604829739
151 67 218810663713472924114
67 151 218810663713472924114
151 91 -42740502537259069184
91 151 -42740502537259069184
151 115 -3814977549257976
115 151 -3814977549257976
151 139 -11697270243413
139 151 -11697270243413
150 8 1032526249022779
8 150 1032526249022779
150 32 19369277141538616761221
32 150 19369277141538616761221
150 56 -4633704254068645769306
56 150 -4633704254068645769306
150 80 2045612657109711542032
80 150 2045612657109711542032
150 104 1172935664231068683
104 150 1172935664231068683
150 128 6843667715015239
128 150 6843667715015239
149 21 -3622918437198884956769
21 149 -3622918437198884956769
149 45 22411114902196313677402
45 149 22411114902196313677402
149 69 -53566008148201038484069
69 149 -53566008148201038484069
149 93 64659418453190994086
93 149 64659418453190994086
149 117 -570894518229505551
117 149 -570894518229505551
149 141 83880100067943
141 149 83880100067943
148 10 1069550964425798345
10 148 1069550964425798345
148 34 -5026007926885105401706
34 148 -5026007926885105401706
148 58 686716286969948821979444
58 148 686716286969948821979444
148 82 -6807034169971716903204
82 148 -6807034169971716903204
148 106 -43130614501648994636
106 148 -43130614501648994636
148 130 -93698349654795199
130 148 -93698349654795199
147 23 397379251648369448347260
23 147 397379251648369448347260
147 47 -2994455879468213678621084
47 147 -2994455879468213678621084
147 71 295525035233452591486776
71 147 295525035233452591486776
147 95 2408911954932224298679
95 147 2408911954932224298679
147 119 18414965089148747834
119 147 18414965089148747834
147 143 -243139320809182
143 147 -243139320809182
146 12 521704376938665121359
12 146 521704376938665121359
146 36 3212761108846230698437002
36 146 3212761108846230698437002
146 60 -4130751897001725301594933
60 146 -4130751897001725301594933
146 84 -69949576623538272398512
84 146 -69949576623538272398512
146 108 -97298051150509907745
108 146 -97298051150509907745
146 132 556276606094823247
132 146 556276606094823247
145 1 19121344
1 145 19121344
145 25 -5867983401927859909162028
25 145 -5867983401927859909162028
145 49 15627229817427673839257608
49 145 15627229817427673839257608
145 73 -26530557713283601093707
73 145 -26530557713283601093707
145 97 -17514207246506162107570
97 145 -17514207246506162107570
145 121 -190112872751141673561
121 145 -190112872751141673561
145 145 340622270638972
144 14 98223689558398182183453
14 144 98223689558398182183453
144 38 -59337728145764383270560165
38 144 -59337728145764383270560165
144 62 -5309406871286198110549329
62 144 -5309406871286198110549329
144 86 907513889420860970930121
86 144 907513889420860970930121
144 110 6174155788028099394158
110 144 6174155788028099394158
144 134 -1655294731661322797
134 144 -1655294731661322797
143 3 -6431380515328
3 143 -6431380515328
143 27 83959899515604144000034572
27 143 83959899515604144000034572
143 51 31599387110167879340951288
51 143 31599387110167879340951288
143 75 -957517966877897589816132
75 143 -957517966877897589816132
143 99 -46283505952373228979416
99 143 -46283505952373228979416
143 123 1120994156264389858346
123 143 1120994156264389858346
142 16 4713513504341736701229428
16 142 4713513504341736701229428
142 40 828738080798761822041499671
40 142 828738080798761822041499671
142 64 154029983634863434710110134
64 142 154029983634863434710110134
142 88 -6245499317709911585483681
88 142 -6245499317709911585483681
142 112 -56206695372051076581682
112 142 -56206695372051076581682
142 136 2472860927957670502
136 142 2472860927957670502
141 5 118333995388357056
5 141 118333995388357056
141 29 -1063752867219933504246767867
29 141 -1063752867219933504246767867
141 53 -377552776639702434856644890
53 141 -377552776639702434856644890
141 77 -36837516457590190394799082
77 141 -36837516457590190394799082
141 101 1392228847130248911133408
101 141 1392228847130248911133408
141 125 -4378328849942626090013
125 141 -4378328849942626090013
140 18 11896147303104276232340860
18 140 11896147303104276232340860
140 42 -3253761551351584520763374268
42 140 -3253761551351584520763374268
140 66 -952497635126755466724219260
66 140 -952497635126755466724219260
140 90 33455025107983230618054507
90 140 33455025107983230618054507
140 114 284825841336626449301646
114 140 284825841336626449301646
140 138 -1286955845845143639
138 140 -1286955845845143639
139 7 -368511566117019946752
7 139 -368511566117019946752
139 31 7802194614531845879294609572
31 139 7802194614531845879294609572
139 55 -1710174423874454873706853635
55 139 -1710174423874454873706853635
139 79 429407026829758151204932594
79 139 429407026829758151204932594
139 103 -10895921525259819930725285
103 139 -10895921525259819930725285
139 127 12119493026800186351910
127 139 12119493026800186351910
138 20 526747801427791041851972988
20 138 526747801427791041851972988
138 44 -20316162689149392166241123868
44 138 -20316162689149392166241123868
138 68 4504260559557392351521355810
68 138 4504260559557392351521355810
138 92 -158739150398458206562587041
92 138 -158739150398458206562587041
138 116 -964122510437263864888175
116 138 -964122510437263864888175
137 9 231866779980728637233216
9 137 231866779980728637233216
137 33 -55393097210562728477497968317
33 137 -55393097210562728477497968317
137 57 33488115899277491202323655286
57 137 33488115899277491202323655286
137 81 -2695147599932362137913087473
81 137 -2695147599932362137913087473
137 105 54808832007903806654081314
105 137 54808832007903806654081314
137 129 -24663084000733614239969
129 137 -24663084000733614239969
136 22 -1650387637689653273479266892
22 136 -1650387637689653273479266892
136 46 275702915133563403525882704671
46 136 275702915133563403525882704671
136 70 -20066096756352613477418682612
70 136 -20066096756352613477418682612
136 94 693210714530206803230816980
94 136 693210714530206803230816980
136 118 2334299494285188016434423
118 136 2334299494285188016434423
135 11 -25432272105495644694224640
11 135 -25432272105495644694224640
135 35 350048954130888631552943083760
35 135 350048954130888631552943083760
135 59 -200443020816158334922334043977
59 135 -200443020816158334922334043977
135 83 12039809916476882211566943950
83 135 12039809916476882211566943950
135 107 -208783637133015562690420741
107 135 -208783637133015562690420741
135 131 37577970219895533756270
131 135 37577970219895533756270
134 24 4753408269809769402617879070
24 134 4753408269809769402617879070
134 48 -1313883056037094389920070945677
48 134 -1313883056037094389920070945677
134 72 80864209025406170626224258217
72 134 80864209025406170626224258217
134 96 -2738691515197391493621431212
96 134 -2738691515197391493621431212
134 120 -4151069321204747556282838
120 134 -4151069321204747556282838
133 13 375550937723383034186369792
13 133 375550937723383034186369792
133 37 -1437155497837694554437604457030
37 133 -1437155497837694554437604457030
133 61 689409961578666965487342250606
61 133 689409961578666965487342250606
133 85 -41797045181307557165418531306
85 133 -41797045181307557165418531306
133 109 643928819826364357039156316
109 133 643928819826364357039156316
133 133 -43209419329268558252098
132 2 93936285175808
2 132 93936285175808
132 26 3517671981630557856412008650
26 132 3517671981630557856412008650
132 50 2798759312774589107255271133406
50 132 2798759312774589107255271133406
132 74 -271258426692595015171407447835
74 132 -271258426692595015171407447835
132 98 9490133418999820654728333859
98 132 9490133418999820654728333859
132 122 5387173640907262147952800
122 132 5387173640907262147952800
131 15 -5373433568998665216002212608
15 131 -5373433568998665216002212608
131 39 2275037840362220461630360271824
39 131 2275037840362220461630360271824
131 63 -1463970819593114912464590011152
63 131 -1463970819593114912464590011152
131 87 118874673732446722419055452578
87 131 118874673732446722419055452578
131 111 -1655328939340581007786911980
111 131 -1655328939340581007786911980
130 4 27875951843155079168
4 130 27875951843155079168
130 28 -713930031229416210633506624014
28 130 -713930031229416210633506624014
130 52 2075305206336530915254148372514
52 130 2075305206336530915254148372514
130 76 729479672467944863115692405765
76 130 729479672467944863115692405765
130 100 -28232220827313882725057671441
100 130 -28232220827313882725057671441
130 124 -4759453977440048797218396
124 130 -4759453977440048797218396
129 17 68080183502075744271793143488
17 129 68080183502075744271793143488
129 41 10148759920740491552947190925967
41 129 10148759920740491552947190925967
129 65 1510265776174921371167996744532
65 129 1510265776174921371167996744532
129 89 -293353003806504457578075563173
89 129 -293353003806504457578075563173
129 113 3582819301424195993821030074
113 129 3582819301424195993821030074
128 6 215592687176323712126976
6 128 215592687176323712126976
128 30 6728608749381098544999832538806
30 128 6728608749381098544999832538806
128 54 -33580349767589969548819790469279
54 128 -33580349767589969548819790469279
128 78 -1598780850359814830740218728965
78 128 -1598780850359814830740218728965
128 102 71326938343053532850439087626
102 128 71326938343053532850439087626
128 126 1918536245152363184744804
126 128 1918536245152363184744804
127 19 -499340455330038136274855012608
19 127 -499340455330038136274855012608
127 43 -78683652469781126853264148588300
43 127 -78683652469781126853264148588300
127 67 1809375542903214160329787967636
67 127 1809375542903214160329787967636
127 91 671875837894690356280355389982
91 127 671875837894690356280355389982
127 115 -6540661042663457931140845699
115 127 -6540661042663457931140845699
126 8 79336559171742174253961216
8 126 79336559171742174253961216
126 32 -26370374681909130887980755096906
32 126 -26370374681909130887980755096906
126 56 109312723063552017970661912688869
56 126 109312723063552017970661912688869
126 80 3178808801479517956243641924205
80 126 3178808801479517956243641924205
126 104 -151897455965980049120502974906
104 126 -151897455965980049120502974906
125 21 3545158221476014622559869972288
21 125 3545158221476014622559869972288
125 45 250402183831107230190849669931609
45 125 250402183831107230190849669931609
125 69 -12325034901616462135698949716564
69 125 -12325034901616462135698949716564
125 93 -1486764370447740996072703922764
93 125 -1486764370447740996072703922764
125 117 10063247822015382231508408254
117 125 10063247822015382231508408254
124 10 -20586528468521391725387776
10 124 -20586528468521391725387776
124 34 28104176741395207380703080890738
34 124 28104176741395207380703080890738
124 58 -168258628230295874841409886228121
58 124 -168258628230295874841409886228121
124 82 -7011098814631924628890141807101
82 124 -7011098814631924628890141807101
124 106 269779593172709796555266147475
106 124 269779593172709796555266147475
123 23 -22403133064376872419388357360640
23 123 -22403133064376872419388357360640
123 47 -379491097486716698171449707915172
47 123 -379491097486716698171449707915172
123 71 34290138743409353378002901066604
71 123 34290138743409353378002901066604
123 95 3097040629187908720155636780292
95 123 3097040629187908720155636780292
123 119 -13036650938516641450234288365
119 123 -13036650938516641450234288365
122 12 13159469501834160940797960192
12 122 13159469501834160940797960192
122 36 210640326430408011889246584078458
36 122 210640326430408011889246584078458
122 60 -20949029954218946738997061129843
60 122 -20949029954218946738997061129843
122 84 18106521582502553850986569821599
84 122 18106521582502553850986569821599
122 108 -392022754249732748771089716633
108 122 -392022754249732748771089716633
121 1 -862560190464
1 121 -862560190464
121 25 91977951861612451484006685249920
25 121 91977951861612451484006685249920
121 49 -295764493206100614029461856447356
49 121 -295764493206100614029461856447356
121 73 -74556706932080214879842940809376
73 121 -74556706932080214879842940809376
121 97 -5670875839152595590400532073701
97 121 -5670875839152595590400532073701
121 121 14212372167644831053121764636
120 14 -243047334485050913876214435840
14 120 -243047334485050913876214435840
120 38 -1268552729311486477990214939777874
38 120 -1268552729311486477990214939777874
120 62 715161305301919676212808390094892
62 120 715161305301919676212808390094892
120 86 -45813713962551331659966345126709
86 120 -45813713962551331659966345126709
120 110 448970088324499785487255852779
110 120 448970088324499785487255852779
119 3 96750569580337037312
3 119 96750569580337037312
119 27 -145602421783182109544343057396736
27 119 -145602421783182109544343057396736
119 51 3366706462159990310840487278048908
51 119 3366706462159990310840487278048908
119 75 144815815578702526665110648168004
75 119 144815815578702526665110648168004
119 99 8521272006587496026365258600904
99 119 8521272006587496026365258600904
118 16 3394511178951728423081982652416
16 118 3394511178951728423081982652416
118 40 3620814648679051713186353876280548
40 118 3620814648679051713186353876280548
118 64 -1497184084398472331975435881132564
64 118 -1497184084398472331975435881132564
118 88 98638649458084480941526005460592
88 118 98638649458084480941526005460592
118 112 -369651668757505268200277687255
112 118 -369651668757505268200277687255
117 5 -4235523521898338088124416
5 117 -4235523521898338088124416
117 29 -649520634927391459388620219261888
29 117 -649520634927391459388620219261888
117 53 -10151038792495224628872050783836741
53 117 -10151038792495224628872050783836741
117 77 -239581152743433145858960579871020
77 117 -239581152743433145858960579871020
117 101 -9796467224872652262263747009493
101 117 -9796467224872652262263747009493
116 18 -13327407314336090197046781001728
18 116 -13327407314336090197046781001728
116 42 -5236953098647137353068906524274548
42 116 -5236953098647137353068906524274548
116 66 329531654785246715527081645630384
66 116 329531654785246715527081645630384
116 90 -172732843559857614283763809348134
90 116 -172732843559857614283763809348134
116 114 144413562335384611325469441786
114 116 144413562335384611325469441786
115 7 1220793500447173464487100416
7 115 1220793500447173464487100416
115 31 5035753758065992118608905509651200
31 115 5035753758065992118608905509651200
115 55 18671048293858950971464922221102956
55 115 18671048293858950971464922221102956
115 79 258423347773317192872579876249092
79 115 258423347773317192872579876249092
115 103 7513240249445262076207801202206
103 115 7513240249445262076207801202206
114 20 -83215002374755910312923643363328
20 114 -83215002374755910312923643363328
114 44 -3555640463412181460947149455378292
44 114 -3555640463412181460947149455378292
114 68 6089212656030541766094144027002736
68 114 6089212656030541766094144027002736
114 92 244185933342137225745696640866016
92 114 244185933342137225745696640866016
113 9 -5874939304921350452648869888
9 113 -5874939304921350452648869888
113 33 -16025739765190862732214378875622976
33 113 -16025739765190862732214378875622976
113 57 -21153639507740931222494650162973923
57 113 -21153639507740931222494650162973923
113 81 91822422566503014552115809223308
81 113 91822422566503014552115809223308
113 105 -1650817677553021513491205069722
105 113 -1650817677553021513491205069722
112 22 1129279140387075700842015558332416
22 112 1129279140387075700842015558332416
112 46 45037477578906284916953243357584292
46 112 45037477578906284916953243357584292
112 70 -18990880326603384016761636327157732
70 112 -18990880326603384016761636327157732
112 94 -278376947198765837784876116567250
94 112 -278376947198765837784876116567250
111 11 784978642067315406568445444096
11 111 784978642067315406568445444096
111 35 24287430239149868682972781306571008
35 111 24287430239149868682972781306571008
111 59 8030172655345793481697959978104040
59 111 8030172655345793481697959978104040
111 83 -1255473756948594561174849985581464
83 111 -1255473756948594561174849985581464
111 107 -4799890771435740653823173196018
107 111 -4799890771435740653823173196018
110 24 -5381664997527938621112610593492992
24 110 -5381664997527938621112610593492992
110 48 -148893267108043937741322934701042789
48 110 -148893267108043937741322934701042789
110 72 32641872396882868163994119825925308
72 110 32641872396882868163994119825925308
110 96 254685881954215326722334295992797
96 110 254685881954215326722334295992797
109 13 -4096584533259760130918346391552
13 109 -4096584533259760130918346391552
109 37 18928927565190439297885558812630784
37 109 18928927565190439297885558812630784
109 61 18186263737145500281344818635633091
61 109 18186263737145500281344818635633091
109 85 3492286606351543958804281978733420
85 109 3492286606351543958804281978733420
109 109 7615852490183535391610226091238
108 2 6206739796908310528
2 108 6206739796908310528
108 26 11463718145124716983317590562430976
26 108 11463718145124716983317590562430976
108 50 322082226532210428399356857926165337
50 108 322082226532210428399356857926165337
108 74 -34000127550996565334865552934746882
74 108 -34000127550996565334865552934746882
108 98 -184498505960984661036461446700855
98 108 -184498505960984661036461446700855
107 15 -8283589734607848561954334441472
15 107 -8283589734607848561954334441472
107 39 -215469213578239379893791185795130112
39 107 -215469213578239379893791185795130112
107 63 -28651523252534515515609447262085328
63 107 -28651523252534515515609447262085328
107 87 -6394317564195321598008011193655394
87 107 -6394317564195321598008011193655394
106 4 8034542465511696355033088
4 106 8034542465511696355033088
106 28 8500450125154430628880991733817344
28 106 8500450125154430628880991733817344
106 52 -491693045811767996489601397170610073
52 106 -491693045811767996489601397170610073
106 76 12565219327412815208255440349389482
76 106 12565219327412815208255440349389482
106 100 101453502653931947096588486127489
100 106 101453502653931947096588486127489
105 17 98973195079438155083060318044160
17 105 98973195079438155083060318044160
105 41 649666482719694376247811250165551424
41 105 649666482719694376247811250165551424
105 65 -23866999814517371846650831363696902
65 105 -23866999814517371846650831363696902
105 89 8781516686137675916481564928067960
89 105 8781516686137675916481564928067960
104 6 4309594207007978217313140736
6 104 4309594207007978217313140736
104 30 -137545112648048515271965861762166784
30 104 -137545112648048515271965861762166784
104 54 464011730597513566259917499357890837
54 104 464011730597513566259917499357890837
104 78 24261437284454910529984110123991170
78 104 24261437284454910529984110123991170
104 102 -30740141034531702506713949627077
102 104 -30740141034531702506713949627077
103 19 448311964172145098413009439293440
19 103 448311964172145098413009439293440
103 43 -1194947090806972862173755022150589184
43 103 -1194947090806972862173755022150589184
103 67 161868096252094949638906999870734360
67 103 161868096252094949638906999870734360
103 91 -9391789794293467908700098256558442
91 103 -9391789794293467908700098256558442
102 8 -77740657150628548899132932096
8 102 -77740657150628548899132932096
102 32 447744913668309065607831194373607424
32 102 447744913668309065607831194373607424
102 56 1300751363331909137083931458516501
56 102 1300751363331909137083931458516501
102 80 -47085145183209378959210286952811526
80 102 -47085145183209378959210286952811526
101 21 -8778708654300198653741932291293184
21 101 -8778708654300198653741932291293184
101 45 1353832928495419598239657610430331072
45 101 1353832928495419598239657610430331072
101 69 -331861613351884971908837380307786442
69 101 -331861613351884971908837380307786442
101 93 7995138932148862659900550680743744
93 101 7995138932148862659900550680743744
100 10 11521187477212816895294679547904
10 100 11521187477212816895294679547904
100 34 -689187341231291903350414893990383616
34 100 -689187341231291903350414893990383616
100 58 -931840823307872731816642889566998393
58 100 -931840823307872731816642889566998393
100 82 24756651466204412488437962126204864
82 100 24756651466204412488437962126204864
99 23 52544935248831010549880335624306688
23 99 52544935248831010549880335624306688
99 47 -513931049942130782828669438598658560
47 99 -513931049942130782828669438598658560
99 71 407028572673398887304909139360179320
71 99 407028572673398887304909139360179320
99 95 -5855728302529336345086547552487820
95 99 -5855728302529336345086547552487820
98 12 -69302516818407697757523335446528
12 98 -69302516818407697757523335446528
98 36 -85807226692480805842931962387836928
36 98 -85807226692480805842931962387836928
98 60 1835441941889037177129055651841718269
60 98 1835441941889037177129055651841718269
98 84 42466165295658054173629096051659392
84 98 42466165295658054173629096051659392
97 1 1766186115137536
1 97 1766186115137536
97 25 -180724684968078073000713846942859264
25 97 -180724684968078073000713846942859264
97 49 -1163920879177312018006068392680517824
49 97 -1163920879177312018006068392680517824
97 73 -279266636644936157642485929196381272
73 97 -279266636644936157642485929196381272
97 97 4846203733502395782259972740844336
96 14 -89077065911452743519477971288064
14 96 -89077065911452743519477971288064
96 38 2929300706516662993767663165828677632
38 96 2929300706516662993767663165828677632
96 62 -1752220794087030196696376744989828057
62 96 -1752220794087030196696376744989828057
96 86 -110277091401024154737660088054796726
86 96 -110277091401024154737660088054796726
95 3 -1643762298095488471138304
3 95 -1643762298095488471138304
95 27 383771166531417515613117483883429888
27 95 383771166531417515613117483883429888
95 51 1833697488162208992999004624773460992
51 95 1833697488162208992999004624773460992
95 75 -16393163758364408265034259527981288
75 95 -16393163758364408265034259527981288
94 16 2584194305918568974633415101906944
16 94 2584194305918568974633415101906944
94 40 -6132466009696142671771385369118982144
40 94 -6132466009696142671771385369118982144
94 64 -3422984177434481098355316010369816
64 94 -3422984177434481098355316010369816
94 88 120280124695363536591433725060581314
88 94 120280124695363536591433725060581314
93 5 6597004653234022153591980032
5 93 6597004653234022153591980032
93 29 -395907111629598587923463338598596608
29 93 -395907111629598587923463338598596608
93 53 1527487988129111798185653207276601728
53 93 1527487988129111798185653207276601728
93 77 273478942981563641033756724334463506
77 93 273478942981563641033756724334463506
92 18 -15980258564010763844413038956380160
18 92 -15980258564010763844413038956380160
92 42 1349761658000370546798926420502052864
42 92 1349761658000370546798926420502052864
92 66 2776200599392658219196529706175124984
66 92 2776200599392658219196529706175124984
92 90 -52145285221388326739051403733691208
90 92 -52145285221388326739051403733691208
91 7 -234946161166355030912779943936
7 91 -234946161166355030912779943936
91 31 -474316942318820172845491936987971584
31 91 -474316942318820172845491936987971584
91 55 -10359558160134076776890047991726999040
55 91 -10359558160134076776890047991726999040
91 79 -255831727037330842413246807881207640
79 91 -255831727037330842413246807881207640
90 20 75568952327975235878221715037224960
20 90 75568952327975235878221715037224960
90 44 24941415039101099073921613934603206656
44 90 24941415039101099073921613934603206656
90 68 -4343904560904107542370749082982144520
68 90 -4343904560904107542370749082982144520
89 9 57516063293448245380578443001856
9 89 57516063293448245380578443001856
89 33 3230933949249345850100665474498953216
33 89 3230933949249345850100665474498953216
89 57 21239143254520638202165592339698332288
57 89 21239143254520638202165592339698332288
89 81 -84333598728359527865722358836482754
81 89 -84333598728359527865722358836482754
88 22 -336653239558227168475164360616968192
22 88 -336653239558227168475164360616968192
88 46 -77786645817767460932655662396038070272
46 88 -77786645817767460932655662396038070272
88 70 2431775505363558422277260600064541544
70 88 2431775505363558422277260600064541544
87 11 -317317590369231651400537734119424
11 87 -317317590369231651400537734119424
87 35 -8988954130752301531923192497203838976
35 87 -8988954130752301531923192497203838976
87 59 -26049828651097528787514184919051476480
59 87 -26049828651097528787514184919051476480
87 83 521335873166236727983649204674845824
83 87 521335873166236727983649204674845824
86 24 1356676301488388812329019644546383872
24 86 1356676301488388812329019644546383872
86 48 133701109337632227999719914806990061568
48 86 133701109337632227999719914806990061568
86 72 2858144000508364020222681188271845204
72 86 2858144000508364020222681188271845204
85 13 28486969430798402867645349101568
13 85 28486969430798402867645349101568
85 37 19544593382003235849461547875533062144
37 85 19544593382003235849461547875533062144
85 61 17873064745275914089119099468568401408
61 85 17873064745275914089119099468568401408
85 85 -719926800008392590781898608318138580
84 2 16098322661290746576896
2 84 16098322661290746576896
84 26 -4550961216441832170053979776336527360
26 84 -4550961216441832170053979776336527360
84 50 -139264522448881931611609304820723228672
50 84 -139264522448881931611609304820723228672
84 74 -8139098647584026863023606312232020964
74 84 -8139098647584026863023606312232020964
83 15 1028127088268245343374377398304768
15 83 1028127088268245343374377398304768
83 39 -37962597159063395150098765753353240576
39 83 -37962597159063395150098765753353240576
83 63 1049162480535322128962192609790802432
63 83 1049162480535322128962192609790802432
82 4 3251133638278096334658469888
4 82 3251133638278096334658469888
82 28 12238638032603964044582404481079050240
28 82 12238638032603964044582404481079050240
82 52 51467138365082891093014283671099318272
52 82 51467138365082891093014283671099318272
82 76 8997668446970256252438994750277930940
76 82 8997668446970256252438994750277930940
81 17 39553982112802909679018846420205568
17 81 39553982112802909679018846420205568
81 41 62804761704774538588051362249708666880
41 81 62804761704774538588051362249708666880
81 65 -17502652350820073026160430357405664384
65 81 -17502652350820073026160430357405664384
80 6 -331461807917168217916258123776
6 80 -331461807917168217916258123776
80 30 -26823091663150291135332089503091261440
30 80 -26823091663150291135332089503091261440
80 54 99374847117127313530814915067867832320
54 80 99374847117127313530814915067867832320
80 78 -3914366151999705034704339658783867404
78 80 -3914366151999705034704339658783867404
79 19 -461072284226601454753652121278611456
19 79 -461072284226601454753652121278611456
79 43 -67744130078688462208389579079441973248
43 79 -67744130078688462208389579079441973248
79 67 16373230530389173914447795704397288960
67 79 16373230530389173914447795704397288960
78 8 140573431401117967312338710167552
8 78 140573431401117967312338710167552
78 32 53331561885122992327778129189042913280
32 78 53331561885122992327778129189042913280
78 56 -192860754670425616216925335358716010496
56 78 -192860754670425616216925335358716010496
77 21 2893892699900596798591338096730570752
21 77 2893892699900596798591338096730570752
77 45 -24070697141273366246749846693034852352
45 77 -24070697141273366246749846693034852352
77 69 5397350318615009783406230965534896256
69 77 5397350318615009783406230965534896256
76 10 -467775826284528469507705241862144
10 76 -467775826284528469507705241862144
76 34 -117626719210423759994609749368363810816
34 76 -117626719210423759994609749368363810816
76 58 101403244405573273552641892868935122944
58 76 101403244405573273552641892868935122944
75 23 -12927647460331175159681044294978764800
23 75 -12927647460331175159681044294978764800
75 47 329114912541532372644619874620267298816
47 75 329114912541532372644619874620267298816
75 71 -33365495882639150590953549099190132736
71 75 -33365495882639150590953549099190132736
74 12 -4806898303474287740095176305016832
12 74 -4806898303474287740095176305016832
74 36 303777023598307166509633494996047888384
36 74 303777023598307166509633494996047888384
74 60 173941413051015389895184777427596869632
60 74 173941413051015389895184777427596869632
73 1 -861735641199673344
1 73 -861735641199673344
73 25 44879235530787587135780763527905542144
25 73 44879235530787587135780763527905542144
73 49 -915481980135419139536789695033093652480
49 73 -915481980135419139536789695033093652480
73 73 46075315200537125810041510932360869120
72 14 62363879611653732004922822341165056
14 72 62363879611653732004922822341165056
72 38 -768626574911939602346893924921344262144
38 72 -768626574911939602346893924921344262144
72 62 -451694966378594937805455720672447389696
62 72 -451694966378594937805455720672447389696
71 3 730360203410328583030177792
3 71 730360203410328583030177792
71 27 -127640709000882231713058294008247222272
27 71 -127640709000882231713058294008247222272
71 51 1676231983548418384988212086349599604736
51 71 1676231983548418384988212086349599604736
70 16 -429187445068070141995262691787145216
16 70 -429187445068070141995262691787145216
70 40 1654881927906566283003865163229531471872
40 70 1654881927906566283003865163229531471872
70 64 492667390752209045878512537848141062144
64 70 492667390752209045878512537848141062144
69 5 -472020914824420574656779517952
5 69 -472020914824420574656779517952
69 29 314985389383075039344013477611204247552
29 69 314985389383075039344013477611204247552
69 53 -2302021910170874915450143356503447306240
53 69 -2302021910170874915450143356503447306240
68 18 2299011819610349504335519595366449152
18 68 2299011819610349504335519595366449152
68 42 -2897976226697940124083390722416463314944
42 68 -2897976226697940124083390722416463314944
68 66 -213587088266806586323154549693199187968
66 68 -213587088266806586323154549693199187968
67 7 187974718066823908991673760219136
7 67 187974718066823908991673760219136
67 31 -721421187682573143067678651807504007168
31 67 -721421187682573143067678651807504007168
67 55 2462001343835266851458278557367256219648
55 67 2462001343835266851458278557367256219648
66 20 -10908471352899253856145982691974578176
20 66 -10908471352899253856145982691974578176
66 44 4096760147842638137976313614283577491456
44 66 4096760147842638137976313614283577491456
65 9 -284375129738070247875685797330944
9 65 -284375129738070247875685797330944
65 33 1596401086982769113802681946640572481536
33 65 1596401086982769113802681946640572481536
65 57 -2095877700229231453116969957652888027136
57 65 -2095877700229231453116969957652888027136
64 22 47637077570304483583889057095383777280
22 64 47637077570304483583889057095383777280
64 46 -4670390172574289393937828140889931776000
46 64 -4670390172574289393937828140889931776000
63 11 -10594506818946385161587549186031616
11 63 -10594506818946385161587549186031616
63 35 -3325422054186332747925419000352219332608
35 63 -3325422054186332747925419000352219332608
63 59 1535044040138250346846367921599367086080
59 63 1535044040138250346846367921599367086080
62 24 -188201447865687735193802234564058284032
24 62 -188201447865687735193802234564058284032
62 48 4272920053696372646931174508079089713152
48 62 4272920053696372646931174508079089713152
61 13 77028298075248820750835286047457280
13 61 77028298075248820750835286047457280
61 37 6089056567209238603571024199386214170624
37 61 6089056567209238603571024199386214170624
61 61 -1270403231515252039944758294175897616384
60 2 4610810278561671945388032
2 60 4610810278561671945388032
60 26 652157002708494315870776027023591604224
26 60 652157002708494315870776027023591604224
60 50 -3095371286184727230895497566972731719680
50 60 -3095371286184727230895497566972731719680
59 15 203557011875496296501771445431435264
15 59 203557011875496296501771445431435264
59 39 -9149646147153397998942184860366349008896
39 59 -9149646147153397998942184860366349008896
58 4 -224940126362761795237819973632
4 58 -224940126362761795237819973632
58 28 -1940103442348211037294432936848131096576
28 58 -1940103442348211037294432936848131096576
58 52 1702107327981589525740037894873886490624
52 58 1702107327981589525740037894873886490624
57 17 -6123087223779535386273379996697362432
17 57 -6123087223779535386273379996697362432
57 41 10518876586790979807800802083047559135232
41 57 10518876586790979807800802083047559135232
56 6 121117198177444739834169805242368
6 56 121117198177444739834169805242368
56 30 4901549880115573637918360649499972468736
30 56 4901549880115573637918360649499972468736
56 54 -515733986006801831802881383106590277632
54 56 -515733986006801831802881383106590277632
55 19 47920769649431925253441622666526064640
19 55 47920769649431925253441622666526064640
55 43 -8067280289589570689865391465886063263744
43 55 -8067280289589570689865391465886063263744
54 8 330152038772537883401570953986048
8 54 330152038772537883401570953986048
54 32 -10438313691511750392976541444671658786816
32 54 -10438313691511750392976541444671658786816
53 21 -241051792390046579807422902840019910656
21 53 -241051792390046579807422902840019910656
53 45 1772551984187225176607287139521347452928
45 53 1772551984187225176607287139521347452928
52 10 -12140188712367932704876096668041216
10 52 -12140188712367932704876096668041216
52 34 18539112476879575294458904959696607641600
34 52 18539112476879575294458904959696607641600
51 23 918240146868462636661140331596888408064
23 51 918240146868462636661140331596888408064
51 47 5153843471922179268427046560960276856832
47 51 5153843471922179268427046560960276856832
50 12 -27386966681581992508702858118430720
12 50 -27386966681581992508702858118430720
50 36 -26939598540647154763392232371530275749888
36 50 -26939598540647154763392232371530275749888
49 1 155554331129376931840
1 49 155554331129376931840
49 25 -2832028899436657983552761619099485732864
25 49 -2832028899436657983552761619099485732864
49 49 -8177459344124611386156118460258280538112
48 14 1737870356643171219993134593262747648
14 48 1737870356643171219993134593262747648
48 38 30852989539775328227628468999526331449344
38 48 30852989539775328227628468999526331449344
47 3 -32257046831334941040314417152
3 47 -32257046831334941040314417152
47 27 7280213666396327151701512489912940625920
27 47 7280213666396327151701512489912940625920
46 16 -15820778270831013157923432868863803392
16 46 -15820778270831013157923432868863803392
46 40 -25402269251604961303486423118059856199680
40 46 -25402269251604961303486423118059856199680
45 5 37912879684218470413487472377856
5 45 37912879684218470413487472377856
45 29 -15757405928544755728952875258739158941696
29 45 -15757405928544755728952875258739158941696
44 18 80171347056819930839067630565406539776
18 44 80171347056819930839067630565406539776
44 42 9924024437269348627592999429091933290496
42 44 9924024437269348627592999429091933290496
43 7 68724525877060115049859340304384
7 43 68724525877060115049859340304384
43 31 28766131478999872049686274300914954141696
31 43 28766131478999872049686274300914954141696
42 20 -271376361171548042652370489974770892800
20 42 -271376361171548042652370489974770892800
41 9 10284321358265040141215953462493184
9 41 10284321358265040141215953462493184
41 33 -44258631973989678585106548940745176252416
33 41 -44258631973989678585106548940745176252416
40 22 657046895789619375492101394506069311488
22 40 657046895789619375492101394506069311488
39 11 -331734519654123973593554849582022656
11 39 -331734519654123973593554849582022656
39 35 57335797176623802143246622787080510504960
35 39 57335797176623802143246622787080510504960
38 24 -1168422140510424929020851554619624521728
24 38 -1168422140510424929020851554619624521728
37 13 3424769051521504655105129388938625024
13 37 3424769051521504655105129388938625024
37 37 -62506673826421943005801695045047648518144
36 2 170124081495940781146374144
2 36 170124081495940781146374144
36 26 1516354575110631502273314118148345036800
26 36 1516354575110631502273314118148345036800
35 15 -20194035457747238921395839287599038464
15 35 -20194035457747238921395839287599038464
34 4 4986471155546666940205895778304
4 34 4986471155546666940205895778304
34 28 -1339667197455376802427512198894532427776
28 34 -1339667197455376802427512198894532427776
33 17 78872960708428412623885433683985825792
17 33 78872960708428412623885433683985825792
32 6 -87078111023608234381073484611584
6 32 -87078111023608234381073484611584
32 30 540019944922810837604325083442707431424
30 32 540019944922810837604325083442707431424
31 19 -218325377117666575785798914320828989440
19 31 -218325377117666575785798914320828989440
30 8 7890211679024671788405283581067264
8 30 7890211679024671788405283581067264
29 21 444290623662044587149688312132058218496
21 29 444290623662044587149688312132058218496
28 10 -108026842263184921787262406412468224
10 28 -108026842263184921787262406412468224
27 23 -676944530718644485833175586343412039680
23 27 -676944530718644485833175586343412039680
26 12 641343261676433960773590144696451072
12 26 641343261676433960773590144696451072
25 1 -11584555278289598414848
1 25 -11584555278289598414848
25 25 778391699160757544603172034102461202432
24 14 -1908424892594759300044131883519311872
14 24 -1908424892594759300044131883519311872
23 3 98052058165767344540021161984
3 23 98052058165767344540021161984
22 16 2851014541744441299701941208143101952
16 22 2851014541744441299701941208143101952
21 5 -31781241027443788004988857352192
5 21 -31781241027443788004988857352192
20 18 -1483759070154360418668560637612785664
18 20 -1483759070154360418668560637612785664
19 7 863106202165031368180605630021632
7 19 863106202165031368180605630021632
17 9 -6189258955321966772421158661783552
9 17 -6189258955321966772421158661783552
15 11 17940515300890174081886334062952448
11 15 17940515300890174081886334062952448
13 13 -25133487409131790985561711740715008
12 2 349204834308761654617178112
2 12 349204834308761654617178112
10 4 85375021401958645546660921344
4 10 85375021401958645546660921344
8 6 747812143616452641149656498176
6 8 747812143616452641149656498176
1 1 302231454903657293676544
