# Weber-f modular polynomial Phi_107^f(X,Y); r=q^(1/48).
108 0 1
0 108 1
107 11 -10914
11 107 -10914
107 35 23861
35 107 23861
107 59 -3210
59 107 -3210
107 83 107
83 107 107
107 107 -1
106 22 31111213
22 106 31111213
106 46 73677739
46 106 73677739
106 70 5522377
70 106 5522377
106 94 19046
94 106 19046
105 9 15054579
9 105 15054579
105 33 -19144523567
33 105 -19144523567
105 57 7315113743
57 105 7315113743
105 81 -60697783
81 105 -60697783
105 105 642
104 20 90303922872
20 104 90303922872
104 44 887958926171
44 104 887958926171
104 68 -3863410266
68 104 -3863410266
104 92 22188162
92 104 22188162
103 7 -391418840
7 103 -391418840
103 31 17208923948045
31 103 17208923948045
103 55 141265098134
55 103 141265098134
103 79 15016616791
79 103 15016616791
103 103 -158039
102 18 13290977682472
18 102 13290977682472
102 42 11508315874362
42 102 11508315874362
102 66 1318198472444
66 102 1318198472444
102 90 226755256
90 102 226755256
101 5 782837680
5 101 782837680
101 29 -626323859254896
29 101 -626323859254896
101 53 49111873810662
53 101 49111873810662
101 77 -404351261999
77 101 -404351261999
101 101 19219019
100 16 362837892446768
16 100 362837892446768
100 40 -199104555035967
40 100 -199104555035967
100 64 -19812208437426
64 100 -19812208437426
100 88 -52359172313
88 100 -52359172313
99 3 -120436632
3 99 -120436632
99 27 5079265149113896
27 99 5079265149113896
99 51 -1570027589014961
51 99 -1570027589014961
99 75 8310240685386
75 99 8310240685386
99 99 -1281800401
98 14 3045204806422864
14 98 3045204806422864
98 38 -6904432624647288
38 98 -6904432624647288
98 62 -72176072824974
62 98 -72176072824974
98 86 2006081436908
86 98 2006081436908
97 1 349248
1 97 349248
97 25 -18100719274202360
25 97 -18100719274202360
97 49 26057589609982657
49 97 26057589609982657
97 73 -200708711379808
73 97 -200708711379808
97 97 51864221985
96 12 9639468634477321
12 96 9639468634477321
96 36 120311997763693042
36 96 120311997763693042
96 60 6469715539925820
60 96 6469715539925820
96 84 -43608593326004
84 96 -43608593326004
95 23 92295058079617984
23 95 92295058079617984
95 47 -285474457706991550
47 95 -285474457706991550
95 71 3575523195999677
71 95 3575523195999677
95 95 -1417796589619
94 10 12180819225691456
10 94 12180819225691456
94 34 -935156204922687909
34 94 -935156204922687909
94 58 -102148033625960530
58 94 -102148033625960530
94 82 667649065249474
82 94 667649065249474
93 21 -380850868103262696
21 93 -380850868103262696
93 45 2269282368946752044
45 93 2269282368946752044
93 69 -45490212264170581
69 93 -45490212264170581
93 93 28153755002945
92 8 5805406279148288
8 92 5805406279148288
92 32 4801593458544787608
32 92 4801593458544787608
92 56 943663623341964591
56 92 943663623341964591
92 80 -7847758892603483
80 92 -7847758892603483
91 19 314604234095529984
19 91 314604234095529984
91 43 -14045891190617059466
43 91 -14045891190617059466
91 67 439882541326893135
67 91 439882541326893135
91 91 -426801483843368
90 6 850622571678208
6 90 850622571678208
90 30 -18606865498221909032
30 90 -18606865498221909032
90 54 -6174824002857573502
54 90 -6174824002857573502
90 78 73938992236865054
78 90 73938992236865054
89 17 -629208468191059968
17 89 -629208468191059968
89 41 70482526387846325392
41 89 70482526387846325392
89 65 -3380816478642553976
65 89 -3380816478642553976
89 89 5128527529904802
88 4 23117804255232
4 88 23117804255232
88 28 58053265636663461328
28 88 58053265636663461328
88 52 31237917188435678837
52 88 31237917188435678837
88 76 -572009909823371099
76 88 -572009909823371099
87 15 3046806944826101568
15 87 3046806944826101568
87 39 -293441009773053697280
39 87 -293441009773053697280
87 63 21309412660993526188
63 87 21309412660993526188
87 87 -50269394970235483
86 2 31857882112
2 86 31857882112
86 26 -145984910518935062224
26 86 -145984910518935062224
86 50 -128570271291911858920
50 86 -128570271291911858920
86 74 3688228990988693038
74 86 3688228990988693038
85 13 -2953441858547775488
13 85 -2953441858547775488
85 37 1031199504436060794672
37 85 1031199504436060794672
85 61 -112940737658976370180
61 85 -112940737658976370180
85 85 410923158571844859
84 24 310038717484025477156
24 84 310038717484025477156
84 48 444845397484131093562
48 84 444845397484131093562
84 72 -20011559686158429383
72 84 -20011559686158429383
83 11 2316892067097902080
11 83 2316892067097902080
83 35 -3106824446855810284376
35 83 -3106824446855810284376
83 59 513723622133236421147
59 83 513723622133236421147
83 83 -2848138382578505748
82 22 -583939642075740248896
22 82 -583939642075740248896
82 46 -1324890168143632204911
46 82 -1324890168143632204911
82 70 91857388373134513331
70 82 91857388373134513331
81 9 -2600583756346314752
9 81 -2600583756346314752
81 33 8113987178654396292756
33 81 8113987178654396292756
81 57 -2039165228604691841513
57 81 -2039165228604691841513
81 81 16948119064432597607
80 20 928852250186615381248
20 80 928852250186615381248
80 44 3466562089138960081896
44 80 3466562089138960081896
80 68 -356623971376196077194
68 80 -356623971376196077194
79 7 1282711263754027008
7 79 1282711263754027008
79 31 -18502901512384372025120
31 79 -18502901512384372025120
79 55 7163114698982535552291
55 79 7163114698982535552291
79 79 -87411570242446957790
78 18 -1190839391886202178048
18 78 -1190839391886202178048
78 42 -8133513701175183689464
42 78 -8133513701175183689464
78 66 1158479197757142251300
66 78 1158479197757142251300
77 5 -140975504982384640
5 77 -140975504982384640
77 29 37005803024768744050240
29 77 37005803024768744050240
77 53 -22543029469058778878544
53 77 -22543029469058778878544
77 77 393510987170719139492
76 16 1229207925387465627648
16 76 1229207925387465627648
76 40 17551154839989151489648
40 76 17551154839989151489648
76 64 -3038162684325399839846
64 76 -3038162684325399839846
75 3 627327748243456
3 75 627327748243456
75 27 -64911897429235170342048
27 75 -64911897429235170342048
75 51 64278965937945015523992
51 75 64278965937945015523992
75 75 -1553189721737009191166
74 14 -957599953840832418816
14 74 -957599953840832418816
74 38 -35959942767523627061360
38 74 -35959942767523627061360
74 62 5700873867327062895520
62 74 5700873867327062895520
73 1 -3127508992
1 73 -3127508992
73 25 99418382299385929100032
25 73 99418382299385929100032
73 49 -167843975817672259784840
49 73 -167843975817672259784840
73 73 5381749063300715256502
72 12 492797942840086700032
12 72 492797942840086700032
72 36 72168011049793627393620
36 72 72168011049793627393620
72 60 -3026811265511084687884
60 72 -3026811265511084687884
71 23 -131993536567815781718016
23 71 -131993536567815781718016
71 47 405427883992815434617536
47 71 405427883992815434617536
71 71 -16314573100258569434980
70 10 -113122224122221166592
10 70 -113122224122221166592
70 34 -143839771070094508245440
34 70 -143839771070094508245440
70 58 -32955365594707792237529
58 70 -32955365594707792237529
69 21 150241797003803493007360
21 69 150241797003803493007360
69 45 -914141450458770897397080
45 69 -914141450458770897397080
69 69 42773875024987304198776
68 8 -13048516118837133312
8 68 -13048516118837133312
68 32 280818477439826423834368
32 68 280818477439826423834368
68 56 191771348168942743292872
56 68 191771348168942743292872
67 19 -144348214042309274402816
19 67 -144348214042309274402816
67 43 1937485758063962432792064
43 67 1937485758063962432792064
67 67 -94222241537733290226828
66 6 3016835956568752128
6 66 3016835956568752128
66 30 -520544876875211756125696
30 66 -520544876875211756125696
66 54 -702025385724957625598728
54 66 -702025385724957625598728
65 17 115063940633534951145472
17 65 115063940633534951145472
65 41 -3874971516127924865584128
41 65 -3874971516127924865584128
65 65 161004063041134984545632
64 4 931092418968682496
4 64 931092418968682496
64 28 887439894819573780965376
28 64 887439894819573780965376
64 52 2044678112881531187148176
52 64 2044678112881531187148176
63 15 -74359844665647170977792
15 63 -74359844665647170977792
63 39 7313131603670167179176640
39 63 7313131603670167179176640
63 63 -149829271650575871851648
62 2 309026835398656
2 62 309026835398656
62 26 -1356687532179079377828864
26 62 -1356687532179079377828864
62 50 -5046807056170302876227088
50 62 -5046807056170302876227088
61 13 37417708120570796441600
13 61 37417708120570796441600
61 37 -12973692287770093907761152
37 61 -12973692287770093907761152
61 61 -262833699905761556597088
60 24 1822086748095000959229952
24 60 1822086748095000959229952
60 48 10804331011312533311502206
48 60 10804331011312533311502206
59 11 -13661681541438587273216
11 59 -13661681541438587273216
59 35 21484028904662049252459520
35 59 21484028904662049252459520
59 59 1873136244393151838443764
58 22 -2106495324846683896545280
22 58 -2106495324846683896545280
58 46 -20187228224681211504908352
46 58 -20187228224681211504908352
57 9 3292586498357903491072
9 57 3292586498357903491072
57 33 -32910830560227847948283904
33 57 -32910830560227847948283904
57 57 -6185454503344564037859726
56 20 2047208140861320648261632
20 56 2047208140861320648261632
56 44 32714849806104498994370816
44 56 32714849806104498994370816
55 7 -411980257543109738496
7 55 -411980257543109738496
55 31 46168124352632379143258112
31 55 46168124352632379143258112
55 55 15275911378533117021479408
54 18 -1618693063405095748108288
18 54 -1618693063405095748108288
54 42 -44929624686397288038318592
42 54 -44929624686397288038318592
53 5 -4740070129310629888
5 53 -4740070129310629888
53 29 -58680235614064931244367872
29 53 -58680235614064931244367872
53 53 -30551822757066234042958816
52 16 989503027509423862972416
16 52 989503027509423862972416
52 40 49093465131249342282975232
40 52 49093465131249342282975232
51 3 -981817946647035904
3 51 -981817946647035904
51 27 66819366210918542262697984
27 51 66819366210918542262697984
51 51 49483636026756512302877808
50 14 -428439906029500754821120
14 50 -428439906029500754821120
50 38 -33746294368980779251229696
38 50 -33746294368980779251229696
49 1 1723355627520
1 49 1723355627520
49 25 -67334782600247564192579584
25 49 -67334782600247564192579584
49 49 -59940359820580858830200448
48 12 108543815071892106117120
12 48 108543815071892106117120
48 36 -12397818943533402881572864
36 48 -12397818943533402881572864
47 23 59213473465749403168931840
23 47 59213473465749403168931840
47 47 33642713587937479244427264
46 10 -4843654255265275969536
10 46 -4843654255265275969536
46 34 93403117442286598480199680
34 46 93403117442286598480199680
45 21 -44689077380827895432216576
21 45 -44689077380827895432216576
45 45 76712587085094846388043776
44 8 -5318299206267495776256
8 44 -5318299206267495776256
44 32 -199109029679949403904147456
32 44 -199109029679949403904147456
43 19 28360344159272757423505408
19 43 28360344159272757423505408
43 43 -329736321108244448349454336
42 6 1415404832196034297856
6 42 1415404832196034297856
42 30 303688370816848298324787200
30 42 303688370816848298324787200
41 17 -14760008820940425469624320
17 41 -14760008820940425469624320
41 41 771868602677111113538174976
40 4 -16593220743500660736
4 40 -16593220743500660736
40 28 -373947337409766177839775744
28 40 -373947337409766177839775744
39 15 6105592936334711186259968
15 39 6105592936334711186259968
39 39 -1401614336818783983985491968
38 2 94873714444730368
2 38 94873714444730368
38 26 385277811482991581802266624
26 38 385277811482991581802266624
37 13 -1919594399113501342695424
13 37 -1919594399113501342695424
37 37 2138383725397091212981698560
36 24 -335738259351572179979337728
24 36 -335738259351572179979337728
35 11 431018675699289197379584
11 35 431018675699289197379584
35 35 -2821586452899805400400920576
34 22 247512857757117426624888832
22 34 247512857757117426624888832
33 9 -71384423931242990272512
9 33 -71384423931242990272512
33 33 3257274931320212299272159232
32 20 -153547740979955500417286144
20 32 -153547740979955500417286144
31 7 13893403571056260677632
7 31 13893403571056260677632
31 31 -3301009415068191939295707136
30 18 79391388389133323123818496
18 30 79391388389133323123818496
29 5 -2063868096445102948352
5 29 -2063868096445102948352
29 29 2933045589713409958771425280
28 16 -33705867790625135780691968
16 28 -33705867790625135780691968
27 3 33368959094362210304
3 27 33368959094362210304
27 27 -2274738034701628859949776896
26 14 11470123601805843644809216
14 26 11470123601805843644809216
25 1 -235295488344064
1 25 -235295488344064
25 25 1529082650957127292526002176
24 12 -2996759714556016741842944
12 24 -2996759714556016741842944
23 23 -882450763617547867895365632
22 10 551427466536483031089152
10 22 551427466536483031089152
21 21 431810814773736585807527936
20 8 -57569518778870700965888
8 20 -57569518778870700965888
19 19 -176214864140614292666843136
18 6 997280162525294362624
6 18 997280162525294362624
17 17 58659149279729214287773696
16 4 390338273887641403392
4 16 390338273887641403392
15 15 -15477690495647380311900160
14 2 1340243101607788544
2 14 1340243101607788544
13 13 3117767672214496307314688
11 11 -456202521104505246842880
9 9 45099342252398065221632
7 7 -2704836462713327583232
5 5 88968047688750727168
3 3 -1445655480385929216
1 1 9007199254740992
