# Weber-f modular polynomial Phi_193^f(X,Y); r=q^(1/48).
194 0 1
0 194 1
193 1 -1158
1 193 -1158
193 25 24377637
25 193 24377637
193 49 -105760912
49 193 -105760912
193 73 52757901
73 193 52757901
193 97 -7820746
97 193 -7820746
193 121 482886
121 193 482886
193 145 -14089
145 193 -14089
193 169 193
169 193 193
193 193 -1
192 2 616249
2 192 616249
192 26 840980875945
26 192 840980875945
192 50 76007412931077
50 192 76007412931077
192 74 190994492485322
74 192 190994492485322
192 98 55813364173551
98 192 55813364173551
192 122 2921675361637
122 192 2921675361637
192 146 28333930683
146 192 28333930683
192 170 31974889
170 192 31974889
191 3 -199626848
3 191 -199626848
191 27 3385749241278084
27 191 3385749241278084
191 51 -1238734804469495206
51 191 -1238734804469495206
191 75 4702450099220841954
75 191 4702450099220841954
191 99 -878441371686899905
99 191 -878441371686899905
191 123 19894323982898739
123 191 19894323982898739
191 147 -84028612255836
147 191 -84028612255836
191 171 15793862798
171 191 15793862798
190 4 43940811800
4 190 43940811800
190 28 3814310428917922567
28 190 3814310428917922567
190 52 2037445144691136534113
52 190 2037445144691136534113
190 76 3869529020467176643597
76 190 3869529020467176643597
190 100 -66562480999928050553
100 190 -66562480999928050553
190 124 -108642535579559317
124 190 -108642535579559317
190 148 9332233833371563
148 190 9332233833371563
190 172 1388210718450
172 190 1388210718450
189 5 -6944800452176
5 189 -6944800452176
189 29 1679020301085116310222
29 189 1679020301085116310222
189 53 -468230198607501977346179
53 189 -468230198607501977346179
189 77 321555691854081813933682
77 189 321555691854081813933682
189 101 -1134171516560611009675
101 189 -1134171516560611009675
189 125 -8420424798910177018
125 189 -8420424798910177018
189 149 -101091352137169873
149 189 -101091352137169873
189 173 45282317972898
173 189 45282317972898
188 6 811506695022696
6 188 811506695022696
188 30 344980797583915274983693
30 188 344980797583915274983693
188 54 -121585401738538598151920
54 188 -121585401738538598151920
188 78 10369913009887774710348288
78 188 10369913009887774710348288
188 102 65991160948662422020462
102 188 65991160948662422020462
188 126 -467086170149166379668
126 188 -467086170149166379668
188 150 -618487081933047892
150 188 -618487081933047892
188 174 737899730011110
174 188 737899730011110
187 7 -71051609701732656
7 187 -71051609701732656
187 31 37289574138742170403590638
31 187 37289574138742170403590638
187 55 569971903236237715108122632
55 187 569971903236237715108122632
187 79 229155777701161318206798858
79 187 229155777701161318206798858
187 103 1437468454641438079802627
103 187 1437468454641438079802627
187 127 2301348410757515858305
127 187 2301348410757515858305
187 151 -8661612682084857003
151 187 -8661612682084857003
187 175 7016614339611702
175 187 7016614339611702
186 8 4665155696276950376
8 186 4665155696276950376
186 32 2340146634076123778280254659
32 186 2340146634076123778280254659
186 56 17292555551193172123123185462
56 186 17292555551193172123123185462
186 80 3668507653495877573989256410
80 186 3668507653495877573989256410
186 104 5938891489003767096054667
104 186 5938891489003767096054667
186 128 117643568758825775702996
128 186 117643568758825775702996
186 152 -141053219824443008045
152 186 -141053219824443008045
186 176 42700442833100405
176 186 42700442833100405
185 9 -226842221945663759856
9 185 -226842221945663759856
185 33 93287407825191478492887627038
33 185 93287407825191478492887627038
185 57 274732579873525058983075082623
57 185 274732579873525058983075082623
185 81 41581448760256998079455065597
81 185 41581448760256998079455065597
185 105 -204165339376981929503816004
105 185 -204165339376981929503816004
185 129 1605570057136392577628726
129 185 1605570057136392577628726
185 153 -1751242043778582461002
153 185 -1751242043778582461002
185 177 176418949745162242
177 185 176418949745162242
184 10 7908260079376034226680
10 184 7908260079376034226680
184 34 2556950798421055434447513082945
34 184 2556950798421055434447513082945
184 58 2789357706699557475346209822851
58 184 2789357706699557475346209822851
184 82 344352457670856040228614133070
82 184 344352457670856040228614133070
184 106 -4483456742654847482103006602
106 184 -4483456742654847482103006602
184 130 17040264916877386189676924
130 184 17040264916877386189676924
184 154 -16127084607665189783183
154 184 -16127084607665189783183
184 178 514578015924224385
178 184 514578015924224385
183 11 -183449928650906593208384
11 183 -183449928650906593208384
183 35 51354346428583993958394140479296
35 183 51354346428583993958394140479296
183 59 18019574781606837622420040976046
59 183 18019574781606837622420040976046
183 83 2281088517740260296135398847188
83 183 2281088517740260296135398847188
183 107 -50726656780598479253117206722
107 183 -50726656780598479253117206722
183 131 166476928385739281094791795
131 183 166476928385739281094791795
183 155 -113267067768988043592070
155 183 -113267067768988043592070
183 179 1087552869815273534
179 183 1087552869815273534
182 12 2264109755567424745546696
12 182 2264109755567424745546696
182 36 793153456249855374438096233771463
36 182 793153456249855374438096233771463
182 60 46457603489381049026515382078675
60 182 46457603489381049026515382078675
182 84 14048703214393149671662745017683
84 182 14048703214393149671662745017683
182 108 -405351469609666680955585734842
108 182 -405351469609666680955585734842
182 132 1469125157606371816146963461
132 182 1469125157606371816146963461
182 156 -622215136702077757631436
156 182 -622215136702077757631436
182 180 1693431101355223666
180 182 1693431101355223666
181 13 3245424581677844877188192
13 181 3245424581677844877188192
181 37 9766506212890074649897235929205790
37 181 9766506212890074649897235929205790
181 61 -521391395175575378015356334939764
61 181 -521391395175575378015356334939764
181 85 91380670117737064132857465609216
85 181 91380670117737064132857465609216
181 109 -2569183965634116271677949952379
109 181 -2569183965634116271677949952379
181 133 11289622453819057820736424170
133 181 11289622453819057820736424170
181 157 -2723793013358483470707029
157 181 -2723793013358483470707029
181 181 1960830239253381602
180 14 -471765711455543179430512776
14 180 -471765711455543179430512776
180 38 98515365380246776002290704284375339
38 180 98515365380246776002290704284375339
180 62 -9055913467576898168882526503335423
62 180 -9055913467576898168882526503335423
180 86 612302835330180250763427096173569
86 180 612302835330180250763427096173569
180 110 -13892970770476446650178308840023
110 180 -13892970770476446650178308840023
180 134 74739608831981952653609784550
134 180 74739608831981952653609784550
180 158 -9609931842193519120426883
158 180 -9609931842193519120426883
179 15 2287890998452802067336800640
15 179 2287890998452802067336800640
179 39 831012539644816776291470516047979632
39 179 831012539644816776291470516047979632
179 63 -83570440264170067223998860276715414
63 179 -83570440264170067223998860276715414
179 87 3819787911176318301989159388817706
87 179 3819787911176318301989159388817706
179 111 -67817618485763403488663323999298
111 179 -67817618485763403488663323999298
179 135 428371818850851114183948267096
135 179 428371818850851114183948267096
179 159 -27390715511825616227806754
159 179 -27390715511825616227806754
178 16 68502914811447098362787099880
16 178 68502914811447098362787099880
178 40 5955779293519967077545698102158901725
40 178 5955779293519967077545698102158901725
178 64 -579756239435776146104330660127352103
64 178 -579756239435776146104330660127352103
178 88 21014164520062698406303036021853092
88 178 21014164520062698406303036021853092
178 112 -311701388522159920734584788592481
112 178 -311701388522159920734584788592481
178 136 2147072594651703894504313326121
136 178 2147072594651703894504313326121
178 160 -62322775972179932907251652
160 178 -62322775972179932907251652
177 17 -294480211658292865902801161616
17 177 -294480211658292865902801161616
177 41 36714878308999907846892203796132992822
41 177 36714878308999907846892203796132992822
177 65 -3300044373706408681156757452678066819
65 177 -3300044373706408681156757452678066819
177 89 101609661457371951130395938323709275
89 177 101609661457371951130395938323709275
177 113 -1378327812899635861106523273242591
113 177 -1378327812899635861106523273242591
177 137 9511836576664131561752926350614
137 177 9511836576664131561752926350614
177 161 -108279286695550195830381935
161 177 -108279286695550195830381935
176 18 -9286070408136011665782592956552
18 176 -9286070408136011665782592956552
176 42 196555277862594146965097667904135035831
42 176 196555277862594146965097667904135035831
176 66 -16022622030366185013192032608924251970
66 176 -16022622030366185013192032608924251970
176 90 440312246463886030154355057116225528
90 176 440312246463886030154355057116225528
176 114 -5856449218622514156966706725194707
114 176 -5856449218622514156966706725194707
176 138 37614920322209730298771012597402
138 176 37614920322209730298771012597402
176 162 -121624461646649609522843869
162 176 -121624461646649609522843869
175 19 -10370090647114013506445902186000
19 175 -10370090647114013506445902186000
175 43 920695445961754031914956055758663184614
43 175 920695445961754031914956055758663184614
175 67 -67961796849545430890848858311662881080
67 175 -67961796849545430890848858311662881080
175 91 1752231447975600258557200282677752758
91 175 1752231447975600258557200282677752758
175 115 -23531184986073194993180902667419779
115 175 -23531184986073194993180902667419779
175 139 133935216452806108360846949840039
139 175 133935216452806108360846949840039
175 163 3974762401905027479280871
163 175 3974762401905027479280871
174 20 822951357795980390953402750396408
20 174 822951357795980390953402750396408
174 44 3795492916104777735558532630415511880729
44 174 3795492916104777735558532630415511880729
174 68 -256712502858391356288772204469948293124
68 174 -256712502858391356288772204469948293124
174 92 6524951616538221493477713572225131786
92 174 6524951616538221493477713572225131786
174 116 -87731253015508674613118851692184060
116 174 -87731253015508674613118851692184060
174 140 432591980077540587716275730133108
140 174 432591980077540587716275730133108
174 164 429260588532163264382332168
164 174 429260588532163264382332168
173 21 6671683280472740671326799622705616
21 173 6671683280472740671326799622705616
173 45 13833504903106632376595875056310573405670
45 173 13833504903106632376595875056310573405670
173 69 -879382676333568854415484845577475576217
69 173 -879382676333568854415484845577475576217
173 93 22898087934933260507173637939421099756
93 173 22898087934933260507173637939421099756
173 117 -298966617506646442262537349437408858
117 173 -298966617506646442262537349437408858
173 141 1275291721605657458088180684766741
141 173 1275291721605657458088180684766741
173 165 1294272120558788285899358647
165 173 1294272120558788285899358647
172 22 -6969850364880697442741523314320568
22 172 -6969850364880697442741523314320568
172 46 44745984789851030635828340106789685123019
46 172 44745984789851030635828340106789685123019
172 70 -2780091331982855863880147389513706744317
70 172 -2780091331982855863880147389513706744317
172 94 75354876535487194874037646679904825991
94 172 75354876535487194874037646679904825991
172 118 -921821176592651852663281527808158024
118 172 -921821176592651852663281527808158024
172 142 3449452130239913280453402837117051
142 172 3449452130239913280453402837117051
172 166 2589724928636356699356162872
166 172 2589724928636356699356162872
171 23 -468950459934351469410738855664578656
23 171 -468950459934351469410738855664578656
171 47 128918518466095421727762260630561989978212
47 171 128918518466095421727762260630561989978212
171 71 -8227643621618788269191454887240063600562
71 171 -8227643621618788269191454887240063600562
171 95 229569469455844446884830233599053584060
95 171 229569469455844446884830233599053584060
171 119 -2553972523587817558653632552820030195
119 171 -2553972523587817558653632552820030195
171 143 8598445070124889217653421665610730
143 171 8598445070124889217653421665610730
171 167 4060560734797238169190709268
167 171 4060560734797238169190709268
170 24 -3614316631639572383837735317678173152
24 170 -3614316631639572383837735317678173152
170 48 332351872446279876648856674226465900227525
48 170 332351872446279876648856674226465900227525
170 72 -22941522608741202099397411223027380980745
72 170 -22941522608741202099397411223027380980745
170 96 636769017782933850982725408918164179740
96 170 636769017782933850982725408918164179740
170 120 -6319156452540809292470189543462381699
120 170 -6319156452540809292470189543462381699
170 144 19828431296105247212356513440382411
144 170 19828431296105247212356513440382411
170 168 5250195128521703387887368194
168 170 5250195128521703387887368194
169 1 99850801152
1 169 99850801152
169 25 -9798851188635845579917886682308808144
25 169 -9798851188635845579917886682308808144
169 49 772267729131763070539706715291280955990711
49 169 772267729131763070539706715291280955990711
169 73 -59941661901342606673846889991779616418424
73 169 -59941661901342606673846889991779616418424
169 97 1576970426979012248098929145457411854801
97 169 1576970426979012248098929145457411854801
169 121 -13849543655658077204334223162285094900
121 169 -13849543655658077204334223162285094900
169 145 42447009790254648192847077281449395
145 169 42447009790254648192847077281449395
169 169 5709372381135747389982212729
168 2 3444657667870720
2 168 3444657667870720
168 26 54533997552621118683692372867929332944
26 168 54533997552621118683692372867929332944
168 50 1638069432260415291047786716615450516414350
50 168 1638069432260415291047786716615450516414350
168 74 -143955545224204716718404494810004551829293
74 168 -143955545224204716718404494810004551829293
168 98 3394246674931103747851447204220125438774
98 168 3394246674931103747851447204220125438774
168 122 -26504059889682557762922175475299896397
122 168 -26504059889682557762922175475299896397
168 146 84616088658677093451235418258788667
146 168 84616088658677093451235418258788667
167 3 13868028892275032064
3 167 13868028892275032064
167 27 755787519976212944006218753508539557856
27 167 755787519976212944006218753508539557856
167 51 3237656505635272764337698521927852342887976
51 167 3237656505635272764337698521927852342887976
167 75 -306606701647854734642336748139276700691258
75 167 -306606701647854734642336748139276700691258
167 99 6040531703003699170134513369293189638638
99 167 6040531703003699170134513369293189638638
167 123 -42974600270956141367745300610613105777
123 167 -42974600270956141367745300610613105777
167 147 157521954225184073231226025398795185
147 167 157521954225184073231226025398795185
166 4 15623415516847810834432
4 166 15623415516847810834432
166 28 4441649866736959798225140073372937244856
28 166 4441649866736959798225140073372937244856
166 52 6124557213757403757726440760031359214754098
52 166 6124557213757403757726440760031359214754098
166 76 -540808467094979969492752474998714909373265
76 166 -540808467094979969492752474998714909373265
166 100 7743110668066076547133432860611439844274
100 166 7743110668066076547133432860611439844274
166 124 -54587712851231689722405526214898540010
124 166 -54587712851231689722405526214898540010
166 148 274547746796727967051015496114632111
148 166 274547746796727967051015496114632111
165 5 6877267153244636406669312
5 165 6877267153244636406669312
165 29 16056177988607708044664234630510782138800
29 165 16056177988607708044664234630510782138800
165 53 11319123446374551352492982456235686283372212
53 165 11319123446374551352492982456235686283372212
165 77 -648571431749009289464830782820903373685789
77 165 -648571431749009289464830782820903373685789
165 101 2409708401202679573625762511498014583582
101 165 2409708401202679573625762511498014583582
165 125 -38771278904976821048137508650474220488
125 165 -38771278904976821048137508650474220488
165 149 449000483344440609451404026788333239
149 165 449000483344440609451404026788333239
164 6 1413041346903716966333206528
6 164 1413041346903716966333206528
164 30 29671936397014725027660785252109810222984
30 164 29671936397014725027660785252109810222984
164 54 20315070611176844623018336524438826159180998
54 164 20315070611176844623018336524438826159180998
164 78 93664940009615670525495162138390268222588
78 164 93664940009615670525495162138390268222588
164 102 -23532949762135963045724132666338189688618
102 164 -23532949762135963045724132666338189688618
164 126 46551158093193012586800725773810668960
126 164 46551158093193012586800725773810668960
164 150 690304619134050195142874830336316469
150 164 690304619134050195142874830336316469
163 7 152738095672287929973107253248
7 163 152738095672287929973107253248
163 31 -52296866581943296021920412575692851609328
31 163 -52296866581943296021920412575692851609328
163 55 33840742415759253060240574016842907154096404
55 163 33840742415759253060240574016842907154096404
163 79 3399748318727507879810245848149195672460712
79 163 3399748318727507879810245848149195672460712
163 103 -91400487898875224706158422021014904036900
103 163 -91400487898875224706158422021014904036900
163 127 262543629015627924234408568945179619287
127 163 262543629015627924234408568945179619287
163 151 999236276642573111533328887437134958
151 163 999236276642573111533328887437134958
162 8 9585240613175802995835923083264
8 162 9585240613175802995835923083264
162 32 -683846962771334721828709661249769545597176
32 162 -683846962771334721828709661249769545597176
162 56 47790371787893148953655448075122644439924570
56 162 47790371787893148953655448075122644439924570
162 80 12052911567633080077664614787109660073495238
80 162 12052911567633080077664614787109660073495238
162 104 -220149517640734460168861324985053194786598
104 162 -220149517640734460168861324985053194786598
162 128 678034735945409747971482489660831751255
128 162 678034735945409747971482489660831751255
162 152 1363553639295178542274025085415740701
152 162 1363553639295178542274025085415740701
161 9 382105222451984295906867720347648
9 161 382105222451984295906867720347648
161 33 -3225183115796186732233417205208944929677296
33 161 -3225183115796186732233417205208944929677296
161 57 46132151407758218582313078295483222987685588
57 161 46132151407758218582313078295483222987685588
161 81 28167912748488405662254532427913202265939281
81 161 28167912748488405662254532427913202265939281
161 105 -396673148957684370711711382273065624373506
105 161 -396673148957684370711711382273065624373506
161 129 1347052095782578030740819708102859353773
129 161 1347052095782578030740819708102859353773
161 153 1755885424013170541105437343684351478
153 161 1755885424013170541105437343684351478
160 10 10473270470332643059497013587742720
10 160 10473270470332643059497013587742720
160 34 -10519388788708379519569009224824684046865128
34 160 -10519388788708379519569009224824684046865128
160 58 -4308072968124095536082485483304820572440514
58 160 -4308072968124095536082485483304820572440514
160 82 47272888921791246563625077059932064419762269
82 160 47272888921791246563625077059932064419762269
160 106 -524707822933177084642613188542974996800734
106 160 -524707822933177084642613188542974996800734
160 130 2284311620772937412601526559699026041543
130 160 2284311620772937412601526559699026041543
160 154 2135526526226572649815243699775928198
154 160 2135526526226572649815243699775928198
159 11 210347402971480039253582399403196416
11 159 210347402971480039253582399403196416
159 35 -26433962394529033672337899846582753131668224
35 159 -26433962394529033672337899846582753131668224
159 59 -146287775776480235812002992944974660956968208
59 159 -146287775776480235812002992944974660956968208
159 83 46589176293175257347354405352613574429880658
83 159 46589176293175257347354405352613574429880658
159 107 -373923697126524602757475224859180923009558
107 159 -373923697126524602757475224859180923009558
159 131 3454610202577164684035927835865691804386
131 159 3454610202577164684035927835865691804386
159 155 2454683236302350627164455183410138067
155 159 2454683236302350627164455183410138067
158 12 3248756556799407613698442173527912448
12 158 3248756556799407613698442173527912448
158 36 -53217857353491947205975679671733379311752120
36 158 -53217857353491947205975679671733379311752120
158 60 -406032693772172647293333472359129518510828462
60 158 -406032693772172647293333472359129518510828462
158 84 -28595579041448276743552365012536402496054843
84 158 -28595579041448276743552365012536402496054843
158 108 413810421181902631606882744488971591496710
108 158 413810421181902631606882744488971591496710
158 132 4787577211766790600882168917932135252269
132 158 4787577211766790600882168917932135252269
158 156 2668047774692455435494608521402513546
156 158 2668047774692455435494608521402513546
157 13 40003609447997745765979078366026915840
13 157 40003609447997745765979078366026915840
157 37 -89388713583726661882717538905230121267890912
37 157 -89388713583726661882717538905230121267890912
157 61 -773568413537267031359191342804156069874411988
61 157 -773568413537267031359191342804156069874411988
157 85 -263784201647581850527954671105899879777826660
85 157 -263784201647581850527954671105899879777826660
157 109 2182117165538825941833991084888163815030160
109 157 2182117165538825941833991084888163815030160
157 133 6208840822428038840565244280850265474499
133 157 6208840822428038840565244280850265474499
157 157 2743109400873265249205886052256771726
156 14 403518936597490794505382724748801388544
14 156 403518936597490794505382724748801388544
156 38 -140219961385376175595255339940434955422275976
38 156 -140219961385376175595255339940434955422275976
156 62 -1258383795577575253166983119098537832668001086
62 156 -1258383795577575253166983119098537832668001086
156 86 -726441011365434746989709706975394073655171393
86 156 -726441011365434746989709706975394073655171393
156 110 4939658665848656943914155137249940029913354
110 156 4939658665848656943914155137249940029913354
156 134 7651964748032400647951471944785581517212
134 156 7651964748032400647951471944785581517212
155 15 3403827362385169515689863233732524572672
15 155 3403827362385169515689863233732524572672
155 39 -255259328671578450765568212891123325455733568
39 155 -255259328671578450765568212891123325455733568
155 63 -2071053224158291205826244679185347520121596880
63 155 -2071053224158291205826244679185347520121596880
155 87 -1334538597266968471558042928495037086707894682
87 155 -1334538597266968471558042928495037086707894682
155 111 7948438845296271202571618305602522763682846
111 155 7948438845296271202571618305602522763682846
155 135 9006580933407286401223521594239621381858
135 155 9006580933407286401223521594239621381858
154 16 24394871986257785149627179426442861465600
16 154 24394871986257785149627179426442861465600
154 40 -566910063956146754637393896552499361934720888
40 154 -566910063956146754637393896552499361934720888
154 64 -3790660683072663524400856816873034629523384370
64 154 -3790660683072663524400856816873034629523384370
154 88 -1651984480094634830941889455473031126402018801
88 154 -1651984480094634830941889455473031126402018801
154 112 9496196282580404894611064312242257435428374
112 154 9496196282580404894611064312242257435428374
154 136 9990388398064696812071261781176329181108
136 154 9990388398064696812071261781176329181108
153 17 150384141553663622540870466748960738598912
17 153 150384141553663622540870466748960738598912
153 41 -1196860495167333393043081960167849386716413584
41 153 -1196860495167333393043081960167849386716413584
153 65 -7034075907036944576462614387610257961792619404
65 153 -7034075907036944576462614387610257961792619404
153 89 -737360091886840595576654172778546142035837637
89 153 -737360091886840595576654172778546142035837637
153 113 7241284042289268487024730158697251907627938
113 153 7241284042289268487024730158697251907627938
153 137 10004229585314451168929124865895930695814
137 153 10004229585314451168929124865895930695814
152 18 805090418125185625969040047735337106763776
18 152 805090418125185625969040047735337106763776
152 42 -1822392323184296150489498906370225054110441320
42 152 -1822392323184296150489498906370225054110441320
152 66 -11024706995367950763870473028265547831832280694
66 152 -11024706995367950763870473028265547831832280694
152 90 2668087327727205320053929650809623149541864478
90 152 2668087327727205320053929650809623149541864478
152 114 -632869627516634236676425411715629630655874
114 152 -632869627516634236676425411715629630655874
152 138 8098859001932839432845484574474718991617
138 152 8098859001932839432845484574474718991617
151 19 3771168546659344514723660004387484404178944
19 151 3771168546659344514723660004387484404178944
151 43 -959973497953203484708498759117292572251006160
43 151 -959973497953203484708498759117292572251006160
151 67 -11245301895317329402796679256056367265725965004
67 151 -11245301895317329402796679256056367265725965004
151 91 9264955563767957955548911263511715269727044840
91 151 9264955563767957955548911263511715269727044840
151 115 -13719689127870454344129712623879980359881788
115 151 -13719689127870454344129712623879980359881788
151 139 3184532895688206266471380974323436646825
139 151 3184532895688206266471380974323436646825
150 20 15546338984365169604847749654181936663465984
20 150 15546338984365169604847749654181936663465984
150 44 4121112748150445961410786391147226284418240152
44 150 4121112748150445961410786391147226284418240152
150 68 1719301656860502697695778511176335269816977046
68 150 1719301656860502697695778511176335269816977046
150 92 17555421229734935073732117205169053910570146592
92 150 17555421229734935073732117205169053910570146592
150 116 -28075129423471940846266865778412073959059998
116 150 -28075129423471940846266865778412073959059998
150 140 -5491001634952795252653448505659803016866
140 150 -5491001634952795252653448505659803016866
149 21 56662036083124766214536704230648108669624320
21 149 56662036083124766214536704230648108669624320
149 45 15140104939794552424897683835790503323773752528
45 149 15140104939794552424897683835790503323773752528
149 69 38406054327297957923810427205658044001975825492
69 149 38406054327297957923810427205658044001975825492
149 93 22131180208313334769097397208912386779121659889
93 149 22131180208313334769097397208912386779121659889
149 117 -36540033716107854885483046675877819720976374
117 149 -36540033716107854885483046675877819720976374
149 141 -17753625900162757623524504521012588510307
141 149 -17753625900162757623524504521012588510307
148 22 183279553699229821484352881077410550263885824
22 148 183279553699229821484352881077410550263885824
148 46 27904306420538607616518465639772499671937426024
46 148 27904306420538607616518465639772499671937426024
148 70 99847836817302348812909482701489634526345133090
70 148 99847836817302348812909482701489634526345133090
148 94 13634691331037724459633334756300305745209857701
94 148 13634691331037724459633334756300305745209857701
148 118 -31427726524422584261899466128466236701777186
118 148 -31427726524422584261899466128466236701777186
148 142 -32113245008641289352180680920228957563621
142 148 -32113245008641289352180680920228957563621
147 23 528050251637126847396914219542781910950756352
23 147 528050251637126847396914219542781910950756352
147 47 30059126979153009182205988298747335600850476000
47 147 30059126979153009182205988298747335600850476000
147 71 165534871994270579812911763602490519960479901864
71 147 165534871994270579812911763602490519960479901864
147 95 -17374421342272828183687833668857073064646380478
95 147 -17374421342272828183687833668857073064646380478
147 119 -8884226246369851189335421834464517939915302
119 147 -8884226246369851189335421834464517939915302
147 143 -45879480838755522906354339938393039970203
143 147 -45879480838755522906354339938393039970203
146 24 1361313269539962374753716937631604327331942400
24 146 1361313269539962374753716937631604327331942400
146 48 12884665957289294073027391466636581101027304548
48 146 12884665957289294073027391466636581101027304548
146 72 194019247979377337115191576713392357872404588830
72 146 194019247979377337115191576713392357872404588830
146 96 -71748082024816898238810089743615418000099980487
96 146 -71748082024816898238810089743615418000099980487
146 120 27354391835592470467731746262023055821073778
120 146 27354391835592470467731746262023055821073778
146 144 -55878551619377913282868464616198640569687
144 146 -55878551619377913282868464616198640569687
145 1 -1774373664980992
1 145 -1774373664980992
145 25 3163208618523701536930638705833086795737952256
25 145 3163208618523701536930638705833086795737952256
145 49 1716278563761341944962946033539633611069634904
49 145 1716278563761341944962946033539633611069634904
145 73 147850626553917165408594536069124042978709168637
73 145 147850626553917165408594536069124042978709168637
145 97 -131203418221044716359781190745124526627461737616
97 145 -131203418221044716359781190745124526627461737616
145 121 65585842682557152514694426278205058629201570
121 145 65585842682557152514694426278205058629201570
145 145 -59540696271624113515034561981913214421268
144 2 1275192784345871941632
2 144 1275192784345871941632
144 26 6709532394538661032131734391256885315233177600
26 144 6709532394538661032131734391256885315233177600
144 50 76263227281550603673708422702140711645182185844
50 144 76263227281550603673708422702140711645182185844
144 74 30699671799878596242801707827380438599993244147
74 144 30699671799878596242801707827380438599993244147
144 98 -153850723813049884178934032756174494051004051342
98 144 -153850723813049884178934032756174494051004051342
144 122 90492279721095234954769833566245691141850738
122 144 90492279721095234954769833566245691141850738
143 3 -20782521381302486482026496
3 143 -20782521381302486482026496
143 27 13261441047082077242727213145816483196469149696
27 143 13261441047082077242727213145816483196469149696
143 51 309059924141118417497056840697580474656393789088
51 143 309059924141118417497056840697580474656393789088
143 75 -109423868002138484672931541564313809763131950948
75 143 -109423868002138484672931541564313809763131950948
143 99 -86021897727574794984881308694181220348961073596
99 143 -86021897727574794984881308694181220348961073596
143 123 90646926313639645514065029118903211841964314
123 143 90646926313639645514065029118903211841964314
142 4 34182657280634450918305169408
4 142 34182657280634450918305169408
142 28 25086186347550325791647501353088447343632785408
28 142 25086186347550325791647501353088447343632785408
142 52 569974903460109049708095882376147052982901455800
52 142 569974903460109049708095882376147052982901455800
142 76 -257763441066007739006938853348161676977354630723
76 142 -257763441066007739006938853348161676977354630723
142 100 104764628437923740710258776022005936036955500330
100 142 104764628437923740710258776022005936036955500330
142 124 65045065635206809399426718644576117148343260
124 142 65045065635206809399426718644576117148343260
141 5 -7855599179760959894363951857664
5 141 -7855599179760959894363951857664
141 29 46363129636350162339811256140741371016692580352
29 141 46363129636350162339811256140741371016692580352
141 53 311351164800319627828990544788160607015959016560
53 141 311351164800319627828990544788160607015959016560
141 77 -560153818993294891855005525654525685263615669494
77 141 -560153818993294891855005525654525685263615669494
141 101 385619371754824211756710842018347328020483091330
101 141 385619371754824211756710842018347328020483091330
141 125 24402153481105558569501780763049339143335034
125 141 24402153481105558569501780763049339143335034
140 6 -2039864547414237585531962654720
6 140 -2039864547414237585531962654720
140 30 83210529223380355575883106404101431948005367808
30 140 83210529223380355575883106404101431948005367808
140 54 -1291475301078511365254839936132416686299904195512
54 140 -1291475301078511365254839936132416686299904195512
140 78 -1335101241540554721965589416109322355544641050241
78 140 -1335101241540554721965589416109322355544641050241
140 102 630871067630263173681035844402067438115812392176
102 140 630871067630263173681035844402067438115812392176
140 126 -14114433588973223641363078723265224148088642
126 140 -14114433588973223641363078723265224148088642
139 7 9562541734525459173715436751552512
7 139 9562541734525459173715436751552512
139 31 138611680934949900534745391172988547703178870784
31 139 138611680934949900534745391172988547703178870784
139 55 -4445918203001065562625408632727193620319364154736
55 139 -4445918203001065562625408632727193620319364154736
139 79 -2756691303398045760831281897480847961164544596150
79 139 -2756691303398045760831281897480847961164544596150
139 103 646779311632906687519574490709369392266694634256
103 139 646779311632906687519574490709369392266694634256
139 127 -35790534158837436592979723492007326227914080
127 139 -35790534158837436592979723492007326227914080
138 8 290120939674366906434816277104033792
8 138 290120939674366906434816277104033792
138 32 195749362843210338114172715315702351625931038720
32 138 195749362843210338114172715315702351625931038720
138 56 -7354857873385872172374100072237152583403218680760
56 138 -7354857873385872172374100072237152583403218680760
138 80 -4216262510184859544219858846564128379439964592207
80 138 -4216262510184859544219858846564128379439964592207
138 104 265820007930624184806014312851952634772337266284
104 138 265820007930624184806014312851952634772337266284
138 128 -35431764310335440987348207896294229244608170
128 138 -35431764310335440987348207896294229244608170
137 9 4609247834775382595971791005383917568
9 137 4609247834775382595971791005383917568
137 33 188957292166177663313154368698299281357560168448
33 137 188957292166177663313154368698299281357560168448
137 57 -5864405612884122966426733657032838916980848306608
57 137 -5864405612884122966426733657032838916980848306608
137 81 -3868680142349825242463654637719572436670987183942
81 137 -3868680142349825242463654637719572436670987183942
137 105 -516840187835060527858785410871131985087187558378
105 137 -516840187835060527858785410871131985087187558378
137 129 -18361166619909391361265805401266247336905464
129 137 -18361166619909391361265805401266247336905464
136 10 46797656746563122868298036979292962816
10 136 46797656746563122868298036979292962816
136 34 -17645866877436295315793860539616545064716345344
34 136 -17645866877436295315793860539616545064716345344
136 58 3715109017948122086620775422289308341507102155800
58 136 3715109017948122086620775422289308341507102155800
136 82 742940449503988079688381451822774497326292344155
82 136 742940449503988079688381451822774497326292344155
136 106 -1442643574849571746579064294928183400187237597058
106 136 -1442643574849571746579064294928183400187237597058
136 130 4597295607404480130318160600261831896192214
130 136 4597295607404480130318160600261831896192214
135 11 302318298339170741868267470183974567936
11 135 302318298339170741868267470183974567936
135 35 -599194729580463045885964259102616211279741779968
35 135 -599194729580463045885964259102616211279741779968
135 59 18533727706001180777927604424850354494205566087488
59 135 18533727706001180777927604424850354494205566087488
135 83 10468978441661060933937339580278330814017097339440
83 135 10468978441661060933937339580278330814017097339440
135 107 -2020015297866964398155391057081388287519764599156
107 135 -2020015297866964398155391057081388287519764599156
135 131 23991106140164638315822599171681928780665978
131 135 23991106140164638315822599171681928780665978
134 12 779429248583699565824438292456459468800
12 134 779429248583699565824438292456459468800
134 36 -1663109913690819163313493902782994507820353380352
36 134 -1663109913690819163313493902782994507820353380352
134 60 24909518063348461165782179838609685692981341654376
60 134 24909518063348461165782179838609685692981341654376
134 84 21686245404936180693576387533462165438092368100125
84 134 21686245404936180693576387533462165438092368100125
134 108 -1732615522317696734192572033047104433316022192194
108 134 -1732615522317696734192572033047104433316022192194
134 132 35565698756170800117240373328074696485947548
132 134 35565698756170800117240373328074696485947548
133 13 -8747496057401986041245284548252767617024
13 133 -8747496057401986041245284548252767617024
133 37 -3168536221848645760447247740125823262205591502848
37 133 -3168536221848645760447247740125823262205591502848
133 61 4966854549736370715298946072825667369741173786208
61 133 4966854549736370715298946072825667369741173786208
133 85 25493778122405128675731085051215498484074179164226
85 133 25493778122405128675731085051215498484074179164226
133 109 -363241856464395918887695994674877480188602959400
109 133 -363241856464395918887695994674877480188602959400
133 133 39230873249620931390180261393606235248460000
132 14 -151933016322846617189346625772183112122368
14 132 -151933016322846617189346625772183112122368
132 38 -5154340026685748236971962855827610962608132448256
38 132 -5154340026685748236971962855827610962608132448256
132 62 -41348181801853163821626164227088956522186542151976
62 132 -41348181801853163821626164227088956522186542151976
132 86 11879171162999919267274585616509073496516748115985
86 132 11879171162999919267274585616509073496516748115985
132 110 1741171659970918022413939347798561039207216751850
110 132 1741171659970918022413939347798561039207216751850
131 15 -1402079327527078278551549262616274271207424
15 131 -1402079327527078278551549262616274271207424
131 39 -8483034006152360779064298205943183442418060820480
39 131 -8483034006152360779064298205943183442418060820480
131 63 -71906948611134467766890685892652157654938350425600
63 131 -71906948611134467766890685892652157654938350425600
131 87 -21234056204290212544834655151345667240731256156128
87 131 -21234056204290212544834655151345667240731256156128
131 111 3668414921488698135798319081465768575466855455396
111 131 3668414921488698135798319081465768575466855455396
130 16 -9726695656361734530839914020379173740085248
16 130 -9726695656361734530839914020379173740085248
130 40 -15526546157865629795945909521911949842527782379520
40 130 -15526546157865629795945909521911949842527782379520
130 64 -8465373702333520779609884032768612705031499503160
64 130 -8465373702333520779609884032768612705031499503160
130 88 -59545444603352859867028344235564517319101753851545
88 130 -59545444603352859867028344235564517319101753851545
130 112 4301614506027513383973785925055514519550729641402
112 130 4301614506027513383973785925055514519550729641402
129 17 -55365557267257139028042049643189705484795904
17 129 -55365557267257139028042049643189705484795904
129 41 -28811574915223324985190868531651616611502569078784
41 129 -28811574915223324985190868531651616611502569078784
129 65 198015873462694164663866211302382190034106654882352
65 129 198015873462694164663866211302382190034106654882352
129 89 -73672687137783707320554905277853746442163391021262
89 129 -73672687137783707320554905277853746442163391021262
129 113 2924713691610232696020080093123407329836301978210
113 129 2924713691610232696020080093123407329836301978210
128 18 -268814990689812045062285580558965702939115520
18 128 -268814990689812045062285580558965702939115520
128 42 -45157199853027126328813457523775683919185021722624
42 128 -45157199853027126328813457523775683919185021722624
128 66 462392715764158062890666809361166121003931669995416
66 128 462392715764158062890666809361166121003931669995416
128 90 -35949935578657326186265819521975250775712178138507
90 128 -35949935578657326186265819521975250775712178138507
128 114 -245223097758121409818583170292257918453053878596
114 128 -245223097758121409818583170292257918453053878596
127 19 -1140209745492943195868843719248163475061473280
19 127 -1140209745492943195868843719248163475061473280
127 43 -46060756563219781233855198232806880320413552656384
43 127 -46060756563219781233855198232806880320413552656384
127 67 514217075209587326455986010670487193666220867173424
67 127 514217075209587326455986010670487193666220867173424
127 91 53135513528705795484085824790730810775258197146146
91 127 53135513528705795484085824790730810775258197146146
127 115 -3956172276982720374599070255652433356768712103024
115 127 -3956172276982720374599070255652433356768712103024
126 20 -4306921110355849196989689649188488022572662784
20 126 -4306921110355849196989689649188488022572662784
126 44 7042259586500619049761908781778269265170337980416
44 126 7042259586500619049761908781778269265170337980416
126 68 21270767669123186862085588671750683606590648973080
68 126 21270767669123186862085588671750683606590648973080
126 92 147951180455467336884147511130856440323538230089915
92 126 147951180455467336884147511130856440323538230089915
126 116 -6413875587570822840714310521954756419170814015896
116 126 -6413875587570822840714310521954756419170814015896
125 21 -14753593107506372721401142998979952476917071872
21 125 -14753593107506372721401142998979952476917071872
125 45 157311198524612435655927509834375348232092981215232
45 125 157311198524612435655927509834375348232092981215232
125 69 -1090092892712068393262607803712532279987573808358640
69 125 -1090092892712068393262607803712532279987573808358640
125 93 171660070550363722930451593928144781316439082819202
93 125 171660070550363722930451593928144781316439082819202
125 117 -6187160558791926281347278724237233770364429019450
117 125 -6187160558791926281347278724237233770364429019450
124 22 -46642192776404081125183830865707593010063081472
22 124 -46642192776404081125183830865707593010063081472
124 46 408976739603670420737677241145301543019909665136640
46 124 408976739603670420737677241145301543019909665136640
124 70 -2310100453787403337916854778028580730570967910715736
70 124 -2310100453787403337916854778028580730570967910715736
124 94 65642854693844565859545513881269248366130492246417
94 124 65642854693844565859545513881269248366130492246417
124 118 -3050027189020343097972507953395741760245921788642
118 124 -3050027189020343097972507953395741760245921788642
123 23 -138036954210920680450491183997482190880366395392
23 123 -138036954210920680450491183997482190880366395392
123 47 678030835688532294913686583715801169758125678034944
47 123 678030835688532294913686583715801169758125678034944
123 71 -2576444203089229871259032158679386547666971418412384
71 123 -2576444203089229871259032158679386547666971418412384
123 95 -151246225251300301963148260139338181816323790313988
95 123 -151246225251300301963148260139338181816323790313988
123 119 1749988194660538964435031235818958343051195299340
119 123 1749988194660538964435031235818958343051195299340
122 24 -384894880175734635721243837929554544628250705920
24 122 -384894880175734635721243837929554544628250705920
122 48 794702839723529572823824698218055097845369195847680
48 122 794702839723529572823824698218055097845369195847680
122 72 -906931733486510481487480635828230875342060680075568
72 122 -906931733486510481487480635828230875342060680075568
122 96 -360676559876020729389782390543407415971348923672705
96 122 -360676559876020729389782390543407415971348923672705
122 120 6021389270404415305790514143040321093332941941126
120 122 6021389270404415305790514143040321093332941941126
121 1 3625495350409691136
1 121 3625495350409691136
121 25 -1005654209117795602170170824320324849049045827584
25 121 -1005654209117795602170170824320324849049045827584
121 49 605596166364844709513603219739132080040792754737152
49 121 605596166364844709513603219739132080040792754737152
121 73 2595775011127630874202731754614641969258848696098640
73 121 2595775011127630874202731754614641969258848696098640
121 97 -395896883597795047095505737310418049504135120829913
97 121 -395896883597795047095505737310418049504135120829913
121 121 7721068178471998391447343750296328769689653704496
120 2 13125041583049212000468992
2 120 13125041583049212000468992
120 26 -2415173276624250960603483384798325327023243788288
26 120 -2415173276624250960603483384798325327023243788288
120 50 125745855692302730210515795260950276505572328026112
50 120 125745855692302730210515795260950276505572328026112
120 74 6151019596721913719016217053808359470338321662186944
74 120 6151019596721913719016217053808359470338321662186944
120 98 -153819165527760645705967160067541784354018824159372
98 120 -153819165527760645705967160067541784354018824159372
119 3 323149910195607540384235782144
3 119 323149910195607540384235782144
119 27 -5144006860593614819717166368270243291264584777728
27 119 -5144006860593614819717166368270243291264584777728
119 51 -448200163336759233220327594247429364789788471083008
51 119 -448200163336759233220327594247429364789788471083008
119 75 6972204934563705147901390788663333861668655416520160
75 119 6972204934563705147901390788663333861668655416520160
119 99 300191128628081586920157371401801223892865497873328
99 119 300191128628081586920157371401801223892865497873328
118 4 265912009501271013211266604859392
4 118 265912009501271013211266604859392
118 28 -9073260467081371463853318707588039756975691530240
28 118 -9073260467081371463853318707588039756975691530240
118 52 -1055799054606367698972421543314070228899244567441408
52 118 -1055799054606367698972421543314070228899244567441408
118 76 3264986667655181797191686068812281995931552453462872
76 118 3264986667655181797191686068812281995931552453462872
118 100 721718841086053280986000189614953120924824102364300
100 118 721718841086053280986000189614953120924824102364300
117 5 22097138885694959919256340845821952
5 117 22097138885694959919256340845821952
117 29 -10881223001882386635357990446835385215455198183424
29 117 -10881223001882386635357990446835385215455198183424
117 53 -2294390042596535877038102633080937206839769782247424
53 117 -2294390042596535877038102633080937206839769782247424
117 77 -3699917969534983853588766933075746846711768202187408
77 117 -3699917969534983853588766933075746846711768202187408
117 101 809956057971908288633828995445882126454899441189560
101 117 809956057971908288633828995445882126454899441189560
116 6 712614995837326672178588315673427968
6 116 712614995837326672178588315673427968
116 30 1571436930168364181391065842150795422268294955008
30 116 1571436930168364181391065842150795422268294955008
116 54 -5468574685350112141171054248383784368310849741787136
54 116 -5468574685350112141171054248383784368310849741787136
116 78 -9422855108872181503157124320564726882309226292458648
78 116 -9422855108872181503157124320564726882309226292458648
116 102 408287481792919840006919625155405613855176361401668
102 116 408287481792919840006919625155405613855176361401668
115 7 15747465134654942766695207359362367488
7 115 15747465134654942766695207359362367488
115 31 57038311888928244841278533607502256023138616737792
31 115 57038311888928244841278533607502256023138616737792
115 55 -11291407578718395436364930652081553248929974665830400
55 115 -11291407578718395436364930652081553248929974665830400
115 79 -8983842181454922624872887608873257786177163050832688
79 115 -8983842181454922624872887608873257786177163050832688
115 103 -348238504362639343872424108122105188294548883202696
103 115 -348238504362639343872424108122105188294548883202696
114 8 252097926350247908017658824580933877760
8 114 252097926350247908017658824580933877760
114 32 202214300799078793208276017840132782739605482897408
32 114 202214300799078793208276017840132782739605482897408
114 56 -17269811241717184693124541835526669842186094969679872
56 114 -17269811241717184693124541835526669842186094969679872
114 80 -1440116391508774266024983809337754363709991647253528
80 114 -1440116391508774266024983809337754363709991647253528
114 104 -1060287969040791360750925138634486616600805492552580
104 114 -1060287969040791360750925138634486616600805492552580
113 9 2857455400729656820902309059850395451392
9 113 2857455400729656820902309059850395451392
113 33 472579156450543655291267337522104223667352760221696
33 113 472579156450543655291267337522104223667352760221696
113 57 -15846113863064884193131129396099368700604363505426432
57 113 -15846113863064884193131129396099368700604363505426432
113 81 7767444578931487826472417260835779050244641729978192
81 113 7767444578931487826472417260835779050244641729978192
113 105 -1282302811302585517294669952644370608020621423206280
105 113 -1282302811302585517294669952644370608020621423206280
112 10 23663720703896816401695329039024673259520
10 112 23663720703896816401695329039024673259520
112 34 793107468384898850507195660851125190096266255663104
34 112 793107468384898850507195660851125190096266255663104
112 58 3043084081168335174403610426666084341048493441658880
58 112 3043084081168335174403610426666084341048493441658880
112 82 9585832533052561566897896150551449456327119401857592
82 112 9585832533052561566897896150551449456327119401857592
112 106 -809017917447440714476936364573911444392306732121324
106 112 -809017917447440714476936364573911444392306732121324
111 11 156755209327608540710861011785416985018368
11 111 156755209327608540710861011785416985018368
111 35 781636673932680618372151887152354102742184653488128
35 111 781636673932680618372151887152354102742184653488128
111 59 42880935697043705585407342920820043014214030702346240
59 111 42880935697043705585407342920820043014214030702346240
111 83 -1225658666159869980068418030359062209945163234252928
83 111 -1225658666159869980068418030359062209945163234252928
111 107 160433522316366259487940990733937294318289976298208
107 111 160433522316366259487940990733937294318289976298208
110 12 965419533712458469219594044680566827122688
12 110 965419533712458469219594044680566827122688
110 36 -479754206223450691754354635126165932539251248857088
36 110 -479754206223450691754354635126165932539251248857088
110 60 88826861178618596120888883337061029634426339738112000
60 110 88826861178618596120888883337061029634426339738112000
110 84 -19268535752694903807271764535774740119715364251497624
84 110 -19268535752694903807271764535774740119715364251497624
110 108 1108480228253808466867677834684145411529742914898124
108 110 1108480228253808466867677834684145411529742914898124
109 13 6279631834275922559642838621136438979198976
13 109 6279631834275922559642838621136438979198976
109 37 -4425564528429036583987209555352641157406629885378560
37 109 -4425564528429036583987209555352641157406629885378560
109 61 104422515189371407055794524369778681790767837856669696
61 109 104422515189371407055794524369778681790767837856669696
109 85 -29039386493734140715428149052736440939087924236326880
85 109 -29039386493734140715428149052736440939087924236326880
109 109 1499618305932460678001434127683625419169559427893992
108 14 42077130447859160621023974575131609513590784
14 108 42077130447859160621023974575131609513590784
108 38 -12187657758936353684151709531222893058832719977381888
38 108 -12187657758936353684151709531222893058832719977381888
108 62 48657085083647669318756702685221165041732600283074560
62 108 48657085083647669318756702685221165041732600283074560
108 86 -15220788174750079620896981123223016177732081714269608
86 108 -15220788174750079620896981123223016177732081714269608
107 15 262493826498535039947675061144054326011887616
15 107 262493826498535039947675061144054326011887616
107 39 -22389842306684939712519142748633792131709077985165312
39 107 -22389842306684939712519142748633792131709077985165312
107 63 -86974694212772710583642747499911853018035225215500288
63 107 -86974694212772710583642747499911853018035225215500288
107 87 23064967471474211184093842686813539808263445054812736
87 107 23064967471474211184093842686813539808263445054812736
106 16 1444082389862925208393325759669903543303667712
16 106 1444082389862925208393325759669903543303667712
106 40 -27715700451195388999835562842593425382369972260438016
40 106 -27715700451195388999835562842593425382369972260438016
106 64 -243898141095333314015348097988872262939040783775928320
64 106 -243898141095333314015348097988872262939040783775928320
106 88 65460364001174064035099313937238908794024626329402216
88 106 65460364001174064035099313937238908794024626329402216
105 17 6982562766672707651404172586105030360589926400
17 105 6982562766672707651404172586105030360589926400
105 41 -12370849531365372229558171614006988790901927776878592
41 105 -12370849531365372229558171614006988790901927776878592
105 65 -301763326516362065184992892018088945427101249623089152
65 105 -301763326516362065184992892018088945427101249623089152
105 89 79536450179468371637257235604524610916461815024624176
89 105 79536450179468371637257235604524610916461815024624176
104 18 30258027177450914313347596836582411419525316608
18 104 30258027177450914313347596836582411419525316608
104 42 44763077404142112730893909400437622458464161390133248
42 104 44763077404142112730893909400437622458464161390133248
104 66 -147250936130180408058944796762010627177317081655324672
66 104 -147250936130180408058944796762010627177317081655324672
104 90 43087289649084855413753471032199615746448028613684152
90 104 43087289649084855413753471032199615746448028613684152
103 19 120412428225246856263557109750766454438140837888
19 103 120412428225246856263557109750766454438140837888
103 43 155440160723736804499162482832768965610708892322365440
43 103 155440160723736804499162482832768965610708892322365440
103 67 217643063413578938302815538342833400935457575510614016
67 103 217643063413578938302815538342833400935457575510614016
103 91 -35230601327578099225353927869505876309749073580648592
91 103 -35230601327578099225353927869505876309749073580648592
102 20 448391260816223904775856913560996399522561130496
20 102 448391260816223904775856913560996399522561130496
102 44 294531093942248628477979656488437533973280032525647872
44 102 294531093942248628477979656488437533973280032525647872
102 68 606008035145594211877468205591987979565212590448291840
68 102 606008035145594211877468205591987979565212590448291840
102 92 -114031099869216917654839732735745554368517809322159432
92 102 -114031099869216917654839732735745554368517809322159432
101 21 1573544621143528477135346373490535241989977276416
21 101 1573544621143528477135346373490535241989977276416
101 45 371299590689797813101457158011720238068868378236289024
45 101 371299590689797813101457158011720238068868378236289024
101 69 703119648974289809123129728729681024272134483227451392
69 101 703119648974289809123129728729681024272134483227451392
101 93 -141805415269252691438780454881683298243735055872081648
93 101 -141805415269252691438780454881683298243735055872081648
100 22 5178347685024564566572328511407907328382652645376
22 100 5178347685024564566572328511407907328382652645376
100 46 228752161554147407407751738006757590353426747978940416
46 100 228752161554147407407751738006757590353426747978940416
100 70 268873132825987341760698424857678841307670496241324032
70 100 268873132825987341760698424857678841307670496241324032
100 94 -91408512616910879092114729219235046414867129721329720
94 100 -91408512616910879092114729219235046414867129721329720
99 23 15775893815566765046936878909119608321428590428160
23 99 15775893815566765046936878909119608321428590428160
99 47 -291494419734321169368618462034487587933354288897589248
47 99 -291494419734321169368618462034487587933354288897589248
99 71 -619504538629326036841055273530729192719662245126094848
71 99 -619504538629326036841055273530729192719662245126094848
99 95 17471033634947880982151549294360030117990503553078752
95 99 17471033634947880982151549294360030117990503553078752
98 24 43758433703739893070434289476027870277471452528640
24 98 43758433703739893070434289476027870277471452528640
98 48 -1203733069716070462202536458608020488717965394226184192
48 98 -1203733069716070462202536458608020488717965394226184192
98 72 -1477331189252180907580548671665796775818645191363399680
72 98 -1477331189252180907580548671665796775818645191363399680
98 96 125901721894965124390311169755576704115259750565852526
96 98 125901721894965124390311169755576704115259750565852526
97 1 -2201344298209956069376
1 97 -2201344298209956069376
97 25 108368582570144218943493421637772974034767929409536
25 97 108368582570144218943493421637772974034767929409536
97 49 -2201228087432802952026782749868155130126677103718957056
49 97 -2201228087432802952026782749868155130126677103718957056
97 73 -1621593635216568512903191500023472330768937454919323648
73 97 -1621593635216568512903191500023472330768937454919323648
97 97 170972186313295078792153477998601608795455316222341980
96 2 15710065380893629689895059456
2 96 15710065380893629689895059456
96 26 233250855414173338403279936134337151112831685361664
26 96 233250855414173338403279936134337151112831685361664
96 50 -2581186825167881525644958917301414820384409986239823872
50 96 -2581186825167881525644958917301414820384409986239823872
96 74 -630043302001707604811641487636651148714061103756787712
74 96 -630043302001707604811641487636651148714061103756787712
95 3 -247259264637246861711802818887680
3 95 -247259264637246861711802818887680
95 27 415102177837633166444001197471824322135620287725568
27 95 415102177837633166444001197471824322135620287725568
95 51 -1443207958905431491617070450324956276938115307311988736
51 95 -1443207958905431491617070450324956276938115307311988736
95 75 1229582862860622180024964593261777813065177079289151488
75 95 1229582862860622180024964593261777813065177079289151488
94 4 -18735672789258230528617330421792768
4 94 -18735672789258230528617330421792768
94 28 532102513418440165391531146952605771114050605809664
28 94 532102513418440165391531146952605771114050605809664
94 52 1757658800462789189424004901216814342174186411424481280
52 94 1757658800462789189424004901216814342174186411424481280
94 76 2956160373088474238918656776662847983308079523284172800
76 94 2956160373088474238918656776662847983308079523284172800
93 5 -319240901209787379766503970491596800
5 93 -319240901209787379766503970491596800
93 29 165593900416991293380637986079148745686651976548352
29 93 165593900416991293380637986079148745686651976548352
93 53 6469619493714984842672077246083689085222497247591137280
53 93 6469619493714984842672077246083689085222497247591137280
93 77 3317580013452936350244163565346333189959268111112437760
77 93 3317580013452936350244163565346333189959268111112437760
92 6 18574860491133906945444055142285443072
6 92 18574860491133906945444055142285443072
92 30 -1617171993708559046189595239038204876615339734990848
30 92 -1617171993708559046189595239038204876615339734990848
92 54 10584260169783533401692253465275876255835617519013462016
54 92 10584260169783533401692253465275876255835617519013462016
92 78 1672345525423799664668342784636541394350802376301232128
78 92 1672345525423799664668342784636541394350802376301232128
91 7 404611399792501454219596339602167693312
7 91 404611399792501454219596339602167693312
91 31 -6280993701825805524761626118003603801073022035558400
31 91 -6280993701825805524761626118003603801073022035558400
91 55 10851156215596588204360405458721083517847065484953911296
55 91 10851156215596588204360405458721083517847065484953911296
91 79 -1426384913869370752501449146868142851254472225598242816
79 91 -1426384913869370752501449146868142851254472225598242816
90 8 1671649343554448477281038197926817431552
8 90 1671649343554448477281038197926817431552
90 32 -15128559655954073341527584453920498566860097745584128
32 90 -15128559655954073341527584453920498566860097745584128
90 56 4459719690173794963314420225808785375344613141296185344
56 90 4459719690173794963314420225808785375344613141296185344
90 80 -4342939521191081413635789367846857181596899297495367680
80 90 -4342939521191081413635789367846857181596899297495367680
89 9 -57467434146259166979808771727779770138624
9 89 -57467434146259166979808771727779770138624
89 33 -27259171231593453761554250096860335973536460141756416
33 89 -27259171231593453761554250096860335973536460141756416
89 57 -8671139468789382848960860335833729478316524499420315648
57 89 -8671139468789382848960860335833729478316524499420315648
89 81 -5252312315095390278838968126031342010452465349452922880
81 89 -5252312315095390278838968126031342010452465349452922880
88 10 -1261980882222006806216727505067185811750912
10 88 -1261980882222006806216727505067185811750912
88 34 -36057647031253669950666359884325752028877714540724224
34 88 -36057647031253669950666359884325752028877714540724224
88 58 -24203542866263432699854222753897837392555725609163030528
58 88 -24203542866263432699854222753897837392555725609163030528
88 82 -3313737389864717166497531349294741276230888374768943104
82 88 -3313737389864717166497531349294741276230888374768943104
87 11 -14278284535928397214480656559365250332229632
11 87 -14278284535928397214480656559365250332229632
87 35 -25695840805725317487723960164806852314770328086642688
35 87 -25695840805725317487723960164806852314770328086642688
87 59 -33890232975618400972162997329122780879589194949193629696
59 87 -33890232975618400972162997329122780879589194949193629696
87 83 657135707407836198862606298046207157527715742917459968
83 87 657135707407836198862606298046207157527715742917459968
86 12 -114096295468011112376900436601767049771876352
12 86 -114096295468011112376900436601767049771876352
86 36 28436835611524119516926357057389715490423058265538560
36 86 28436835611524119516926357057389715490423058265538560
86 60 -29068464862876818732043366593990409252300500579232251904
60 86 -29068464862876818732043366593990409252300500579232251904
86 84 4540335014927599480290008410866259605625826979422715904
84 86 4540335014927599480290008410866259605625826979422715904
85 13 -723160996892253702633438975740645369261850624
13 85 -723160996892253702633438975740645369261850624
85 37 149953949792471610214614239532003574448722087258357760
37 85 149953949792471610214614239532003574448722087258357760
85 61 -6094187086144166640697355444995269258659912588093030400
61 85 -6094187086144166640697355444995269258659912588093030400
85 85 6142436581099358937093874186992129716918515416653791232
84 14 -3910523624061682365287929547095178011463385088
14 84 -3910523624061682365287929547095178011463385088
84 38 339450758771567578554153640735342140903025874298732544
38 84 339450758771567578554153640735342140903025874298732544
84 62 29212013032410645380331501848915583043963944204605849600
62 84 29212013032410645380331501848915583043963944204605849600
83 15 -19088962583852407821268502664422151746893119488
15 83 -19088962583852407821268502664422151746893119488
83 39 546212558316855811932667067525724301521813761379270656
39 83 546212558316855811932667067525724301521813761379270656
83 63 61545789515438930183085731666672795996619734815957057536
63 83 61545789515438930183085731666672795996619734815957057536
82 16 -87736141074954101118533236368590750777434177536
16 82 -87736141074954101118533236368590750777434177536
82 40 652573639521273816204685565773331649830043169287307264
40 82 652573639521273816204685565773331649830043169287307264
82 64 72169115716356893985819144802416179085638814151403896832
64 82 72169115716356893985819144802416179085638814151403896832
81 17 -387964789035574424617701594289917147172302749696
17 81 -387964789035574424617701594289917147172302749696
81 41 497617250282865425976553861997273390533369706334650368
41 81 497617250282865425976553861997273390533369706334650368
81 65 49068553342302261751391224059631519428646882929656463360
65 81 49068553342302261751391224059631519428646882929656463360
80 18 -1648443907418911701301265429006550682652001697792
18 80 -1648443907418911701301265429006550682652001697792
80 42 -43490469645050331880306734040031432251448605764747264
42 80 -43490469645050331880306734040031432251448605764747264
80 66 -4114160879277118646750890661957994225597270780842868736
66 80 -4114160879277118646750890661957994225597270780842868736
79 19 -6623439745929090692411747203044285841968174465024
19 79 -6623439745929090692411747203044285841968174465024
79 43 -942809857847845816523171924823085828397033438176083968
43 79 -942809857847845816523171924823085828397033438176083968
79 67 -66373556824150927992249515078256095352113744994247901184
67 79 -66373556824150927992249515078256095352113744994247901184
78 20 -24694152399336973157508770731065658344243315343360
20 78 -24694152399336973157508770731065658344243315343360
78 44 -1929308203276469131333804035307223047451134948989206528
44 78 -1929308203276469131333804035307223047451134948989206528
78 68 -107606976129802610096397581917907690671815287640514625536
68 78 -107606976129802610096397581917907690671815287640514625536
77 21 -84151621699946907707136420204524014409528637390848
21 77 -84151621699946907707136420204524014409528637390848
77 45 -2511011996886729362269816170165387964694037944298635264
45 77 -2511011996886729362269816170165387964694037944298635264
77 69 -103803329121532846278240066168732506207898424375980851200
69 77 -103803329121532846278240066168732506207898424375980851200
76 22 -259469594212806192077380299127321609835641772703744
22 76 -259469594212806192077380299127321609835641772703744
76 46 -2159696921760427915018600093785955540389246703182544896
46 76 -2159696921760427915018600093785955540389246703182544896
76 70 -51170964956067124548793927995838292991866042967153180672
70 76 -51170964956067124548793927995838292991866042967153180672
75 23 -718879356596536278937233890080392626913771698257920
23 75 -718879356596536278937233890080392626913771698257920
75 47 -610519378854773593257317452054230883589464241599414272
47 75 -610519378854773593257317452054230883589464241599414272
75 71 29359929939269908882742837010081601016372002595211837440
71 75 29359929939269908882742837010081601016372002595211837440
74 24 -1778684415309915882555464951011219865827666552684544
24 74 -1778684415309915882555464951011219865827666552684544
74 48 1879779493373425111084058775941748344791908865810628608
48 74 1879779493373425111084058775941748344791908865810628608
74 72 101022148409657282938953506528842363692202926861730185216
72 74 101022148409657282938953506528842363692202926861730185216
73 1 556729653673581908852736
1 73 556729653673581908852736
73 25 -3898299977929570841451469074306182887752098801254400
25 73 -3898299977929570841451469074306182887752098801254400
73 49 4507024790434942075223947524773979590306933339869675520
49 73 4507024790434942075223947524773979590306933339869675520
73 73 129538028580951266964964638724971571776097573165529563136
72 2 3368462353911283800111119859712
2 72 3368462353911283800111119859712
72 26 -7460229640186229778899380801345048465722784645906432
26 72 -7460229640186229778899380801345048465722784645906432
72 50 6218582111081408566914759589990212687282653065975431168
50 72 6218582111081408566914759589990212687282653065975431168
71 3 22936593939499694796169831476363264
3 71 22936593939499694796169831476363264
71 27 -12096274610417130918695323263321513644602403651059712
27 71 -12096274610417130918695323263321513644602403651059712
71 51 6229209344000065859391078529327631844009546384465199104
51 71 6229209344000065859391078529327631844009546384465199104
70 4 -125256315584688433594280746934075392
4 70 -125256315584688433594280746934075392
70 28 -15365075203488417099058449844971759029524726609346560
28 70 -15365075203488417099058449844971759029524726609346560
70 52 4469862874710187401072690523632765934956785316512399360
52 70 4469862874710187401072690523632765934956785316512399360
69 5 -9708088828588328174352844090997997568
5 69 -9708088828588328174352844090997997568
69 29 -10913144826820698966576007830877232947989915923120128
29 69 -10913144826820698966576007830877232947989915923120128
69 53 1676903218453134847677163062256941389680586038416769024
53 69 1676903218453134847677163062256941389680586038416769024
68 6 -538513690069426636679508667094393683968
6 68 -538513690069426636679508667094393683968
68 30 13102986140135568787113605756851396049573139720437760
30 68 13102986140135568787113605756851396049573139720437760
68 54 -969936490659262428149575295652761152802402852784832512
54 68 -969936490659262428149575295652761152802402852784832512
67 7 2653274072355131286451455858604433735680
7 67 2653274072355131286451455858604433735680
67 31 73899461862704978820540048442766634626803029636022272
31 67 73899461862704978820540048442766634626803029636022272
67 55 -2459506779497242552757145209428710136660704254366842880
55 67 -2459506779497242552757145209428710136660704254366842880
66 8 135633800300744470544606300922201396740096
8 66 135633800300744470544606300922201396740096
66 32 190849811509249999428460192316124725496947143899873280
32 66 190849811509249999428460192316124725496947143899873280
66 56 -2434852303239531421286376042860682787185901991750533120
56 66 -2434852303239531421286376042860682787185901991750533120
65 9 1851096246025390997663514588806741623832576
9 65 1851096246025390997663514588806741623832576
65 33 379161457288441506601363262572727312616176301362905088
33 65 379161457288441506601363262572727312616176301362905088
65 57 -1261769762382683174078424885784619028810496987579285504
57 65 -1261769762382683174078424885784619028810496987579285504
64 10 19646087866865544304437081664163299746381824
10 64 19646087866865544304437081664163299746381824
64 34 642976560256943418833529395844396381076161978546782208
34 64 642976560256943418833529395844396381076161978546782208
64 58 315923748541547161657573085648004752499123616957333504
58 64 315923748541547161657573085648004752499123616957333504
63 11 191934830756812844676340567115048050145361920
11 63 191934830756812844676340567115048050145361920
63 35 972386326314802035709737916436263871987915119673737216
35 63 972386326314802035709737916436263871987915119673737216
63 59 1648656260269950617954025324481449174834584521757687808
59 63 1648656260269950617954025324481449174834584521757687808
62 12 1693785987163309393514318733449578091890343936
12 62 1693785987163309393514318733449578091890343936
62 36 1347583184182524772985674416263412374303150230380478464
36 62 1347583184182524772985674416263412374303150230380478464
62 60 2444056208274263435099205907438584000836333475702243328
60 62 2444056208274263435099205907438584000836333475702243328
61 13 13016048505900311932828195431341400780617809920
13 61 13016048505900311932828195431341400780617809920
61 37 1747633325893102477878590330667199973680160898069561344
37 61 1747633325893102477878590330667199973680160898069561344
61 61 2695925081610290315486144611684322622301090149826560000
60 14 86168902268295821761367723886920236438179020800
14 60 86168902268295821761367723886920236438179020800
60 38 2153836599243180679582238729693796129096833505607811072
38 60 2153836599243180679582238729693796129096833505607811072
59 15 493879081920694961118292162427273746011647901696
15 59 493879081920694961118292162427273746011647901696
59 39 2535127158473454317821005636121982128783519758153678848
39 59 2535127158473454317821005636121982128783519758153678848
58 16 2475406166325969321531430536066031366897030660096
16 58 2475406166325969321531430536066031366897030660096
58 40 2812044341675668439040100097825639120384119343937486848
40 58 2812044341675668439040100097825639120384119343937486848
57 17 10966400937542051125784873130467044818476821643264
17 57 10966400937542051125784873130467044818476821643264
57 41 2815940289534440875408723977235556471800047475028393984
41 57 2815940289534440875408723977235556471800047475028393984
56 18 43367050533548707509507365664984425843799309156352
18 56 43367050533548707509507365664984425843799309156352
56 42 2279626148951932675849620322296882426530045175898570752
42 56 2279626148951932675849620322296882426530045175898570752
55 19 154416791272612944556065473696498611607907350872064
19 55 154416791272612944556065473696498611607907350872064
55 43 896366322648155771856279476940031664091383544886067200
43 55 896366322648155771856279476940031664091383544886067200
54 20 498744596551853265962800291236645668367900667281408
20 54 498744596551853265962800291236645668367900667281408
54 44 -1545579557316512062762557017517518019575257917969924096
44 54 -1545579557316512062762557017517518019575257917969924096
53 21 1470311250486250816262069332637680112790770041225216
21 53 1470311250486250816262069332637680112790770041225216
53 45 -4997201436778011365881441627167340131521260678012731392
45 53 -4997201436778011365881441627167340131521260678012731392
52 22 3976947540065494294222760529632244883579006957387776
22 52 3976947540065494294222760529632244883579006957387776
52 46 -9039074890910896957875096835548417724771469514428645376
46 52 -9039074890910896957875096835548417724771469514428645376
51 23 9913332227527713133757763221530092663966674693652480
23 51 9913332227527713133757763221530092663966674693652480
51 47 -12913925800585699014880182968193172207438574353192583168
47 51 -12913925800585699014880182968193172207438574353192583168
50 24 22860624843899154529227108708432883640465566398939136
24 50 22860624843899154529227108708432883640465566398939136
50 48 -15728414015689587255846112630951533155874535765203484672
48 50 -15728414015689587255846112630951533155874535765203484672
49 1 -66533421377150431415762944
1 49 -66533421377150431415762944
49 25 48938070393441953068946561907105981461975946252779520
25 49 48938070393441953068946561907105981461975946252779520
49 49 -16759216096391639882272934987169936143127781497328631808
48 2 133803204585351034409665186234368
2 48 133803204585351034409665186234368
48 26 97555708250308354755612979398343308210236255992020992
26 48 97555708250308354755612979398343308210236255992020992
47 3 -396813902119009415750756822843129856
3 47 -396813902119009415750756822843129856
47 27 181610448473910097961754626850453206763916292060610560
27 47 181610448473910097961754626850453206763916292060610560
46 4 44070228265015974649434820161304526848
4 46 44070228265015974649434820161304526848
46 28 316532001323303259962527284007324201367119189912846336
28 46 316532001323303259962527284007324201367119189912846336
45 5 -477390413040543685127543466509738180608
5 45 -477390413040543685127543466509738180608
45 29 517662312826674003027501495733643000171794474167435264
29 45 517662312826674003027501495733643000171794474167435264
44 6 -2920722665808477463817436838802942328832
6 44 -2920722665808477463817436838802942328832
44 30 795867040129085599235946843829754287995556088191647744
30 44 795867040129085599235946843829754287995556088191647744
43 7 -40903309417476180602593842625179537113088
7 43 -40903309417476180602593842625179537113088
43 31 1152040991524498974969010212623579699783006571366187008
31 43 1152040991524498974969010212623579699783006571366187008
42 8 -666104997599793843007700951025467072184320
8 42 -666104997599793843007700951025467072184320
42 32 1572070313428339147527170451370324520703618251201970176
32 42 1572070313428339147527170451370324520703618251201970176
41 9 -8270006730932113704704162066570041876283392
9 41 -8270006730932113704704162066570041876283392
41 33 2024398064970496055824644971900445756452704304945430528
33 41 2024398064970496055824644971900445756452704304945430528
40 10 -76158003817641054450198712760822575942074368
10 40 -76158003817641054450198712760822575942074368
40 34 2462094455744973398798636391856875198946243696549429248
34 40 2462094455744973398798636391856875198946243696549429248
39 11 -534888604445193819472627170129034678600990720
11 39 -534888604445193819472627170129034678600990720
39 35 2830057090130910582793761825184265311793260421701435392
35 39 2830057090130910582793761825184265311793260421701435392
38 12 -2938327906696046437918577340150750655027347456
12 38 -2938327906696046437918577340150750655027347456
38 36 3076049654761375582039064951431268352351639808189136896
36 38 3076049654761375582039064951431268352351639808189136896
37 13 -12862748832558614149583712731939475990914269184
13 37 -12862748832558614149583712731939475990914269184
37 37 3162589817755991529262497728746978204737195801445400576
36 14 -45381620034236419282438411695805504625278189568
14 36 -45381620034236419282438411695805504625278189568
35 15 -129348996874862969347757821502337317999722102784
15 35 -129348996874862969347757821502337317999722102784
34 16 -294310988370416183462668368048018069451589025792
16 34 -294310988370416183462668368048018069451589025792
33 17 -511334474280099346755134006847509816032372981760
17 33 -511334474280099346755134006847509816032372981760
32 18 -574355281177202774548427456000727371050148429824
18 32 -574355281177202774548427456000727371050148429824
31 19 18770284744126747813840458533881787273200009216
19 31 18770284744126747813840458533881787273200009216
30 20 2027125815701185794916153712176527179687214972928
20 30 2027125815701185794916153712176527179687214972928
29 21 6112027281839442466729487013711439148119660429312
21 29 6112027281839442466729487013711439148119660429312
28 22 12229630202844314732613517298552127790435021094912
22 28 12229630202844314732613517298552127790435021094912
27 23 19175455915663015804295581483886417340747667734528
23 27 19175455915663015804295581483886417340747667734528
26 24 24793345503456381352994107277871710999050163585024
24 26 24793345503456381352994107277871710999050163585024
25 1 3733162930969974891492671488
1 25 3733162930969974891492671488
25 25 26961748770897110930933821365769105016350136336384
24 2 618484302262588650198265363431424
2 24 618484302262588650198265363431424
23 3 305497736447250406703317051315847168
3 23 305497736447250406703317051315847168
22 4 26851900489599671499987058441794355200
4 22 26851900489599671499987058441794355200
21 5 875887413910975490846831012849299488768
5 21 875887413910975490846831012849299488768
20 6 14273056574353515806747658077815449845760
6 20 14273056574353515806747658077815449845760
19 7 135721059862957389809935976462140500344832
7 19 135721059862957389809935976462140500344832
18 8 825946685598616405791255115237167705620480
8 18 825946685598616405791255115237167705620480
17 9 3412438774659557410914009688827004790505472
9 17 3412438774659557410914009688827004790505472
16 10 9953386394509802685205501445064209108828160
10 16 9953386394509802685205501445064209108828160
15 11 21036331912250746537981906978898424306335744
11 15 21036331912250746537981906978898424306335744
14 12 32755721314668287049519428125591332984979456
12 14 32755721314668287049519428125591332984979456
13 13 37927972865832700374537625660464844066783232
1 1 -79228162514264337593543950336
