# Weber-f modular polynomial Phi_173^f(X,Y); r=q^(1/48).
174 0 1
0 174 1
173 5 28891
5 173 28891
173 29 -8808295
29 173 -8808295
173 53 13915082
53 173 13915082
173 77 -3566741
77 173 -3566741
173 101 303096
101 173 303096
173 125 -10899
125 173 -10899
173 149 173
149 173 173
173 173 -1
172 10 318850764
10 172 318850764
172 34 674066910306
34 172 674066910306
172 58 6034209999205
58 172 6034209999205
172 82 3290872727657
82 172 3290872727657
172 106 244603992776
106 172 244603992776
172 130 2846928482
130 172 2846928482
172 154 3140296
154 172 3140296
171 15 1684509281856
15 171 1684509281856
171 39 -5883880307531180
39 171 -5883880307531180
171 63 55609022808565054
63 171 55609022808565054
171 87 -14887674427880639
87 171 -14887674427880639
171 111 347618088975791
111 171 347618088975791
171 135 -1227998333845
135 171 -1227998333845
171 159 58521921
159 171 58521921
170 20 4382274978830708
20 170 4382274978830708
170 44 8760851730865156011
44 170 8760851730865156011
170 68 23236105789564010965
68 170 23236105789564010965
170 92 -482582784549457809
92 170 -482582784549457809
170 116 3040171108504826
116 170 3040171108504826
170 140 28402369108886
140 170 28402369108886
170 164 43293769
164 170 43293769
169 1 -115564
1 169 -115564
169 25 5237076163086321468
25 169 5237076163086321468
169 49 -1898326944664780420784
49 169 -1898326944664780420784
169 73 751993147866555305549
73 169 751993147866555305549
169 97 -4910937024705406917
97 169 -4910937024705406917
169 121 6502748667695974
121 169 6502748667695974
169 145 -135801961082692
145 169 -135801961082692
169 169 1036789
168 6 430460833949
6 168 430460833949
168 30 2439931436356670736764
30 168 2439931436356670736764
168 54 -4291677625389719533559
54 168 -4291677625389719533559
168 78 9088932960941597480937
78 168 9088932960941597480937
168 102 -10394990303011826048
102 168 -10394990303011826048
168 126 -46319568666445858
126 168 -46319568666445858
168 150 189939035033938
150 168 189939035033938
167 11 -19690625523336572
11 167 -19690625523336572
167 35 339767660663221305535784
35 167 339767660663221305535784
167 59 533437507677913489006028
59 167 533437507677913489006028
167 83 63802914575974226406217
83 167 63802914575974226406217
167 107 -103286408087561667366
107 167 -103286408087561667366
167 131 494509244061613609
131 167 494509244061613609
167 155 -85373337214031
155 167 -85373337214031
166 16 119471176346699451364
16 166 119471176346699451364
166 40 11944918622012948858938038
40 166 11944918622012948858938038
166 64 7513351283743726275574489
64 166 7513351283743726275574489
166 88 273376097484005744573339
88 166 273376097484005744573339
166 112 -533972154543285207162
112 166 -533972154543285207162
166 136 -94450601775577886
136 166 -94450601775577886
166 160 10078826664910
160 166 10078826664910
165 21 -124579267295199487662784
21 165 -124579267295199487662784
165 45 180530264596683826914074832
45 165 180530264596683826914074832
165 69 47808580278011467842932818
69 165 47808580278011467842932818
165 93 658370232888350037431867
93 165 658370232888350037431867
165 117 -1128129908370891046620
117 165 -1128129908370891046620
165 141 -625954734660839959
141 165 -625954734660839959
165 165 -181307756003
164 2 5101612224
2 164 5101612224
164 26 16871507322079318663833780
26 164 16871507322079318663833780
164 50 1489477927079743795841024371
50 164 1489477927079743795841024371
164 74 176578926549601286621618378
74 164 176578926549601286621618378
164 98 1045822205970098666516253
98 164 1045822205970098666516253
164 122 -352179252642375679584
122 164 -352179252642375679584
164 146 292993770190177830
146 164 292993770190177830
163 7 78762502093346288
7 163 78762502093346288
163 31 226934949865474775831748368
31 163 226934949865474775831748368
163 55 7489659363535814407634642056
55 163 7489659363535814407634642056
163 79 424138612720224139048314236
79 163 424138612720224139048314236
163 103 1710778880762376113919902
103 163 1710778880762376113919902
163 127 732565878000682999130
127 163 732565878000682999130
163 151 70823464622007614
151 163 70823464622007614
162 12 5688588285168263210326
12 162 5688588285168263210326
162 36 -421091177203302884451531404
36 162 -421091177203302884451531404
162 60 24851386858868525855702343833
60 162 24851386858868525855702343833
162 84 772021114298480960206574714
84 162 772021114298480960206574714
162 108 3054416492494216066352178
108 162 3054416492494216066352178
162 132 141445278030027171130
132 162 141445278030027171130
162 156 -7430400948279598
156 162 -7430400948279598
161 17 15132923484894537069790846
17 161 15132923484894537069790846
161 41 -24184119782262044866485521116
41 161 -24184119782262044866485521116
161 65 59631361245289275932124041674
65 161 59631361245289275932124041674
161 89 1225962294354628163199933358
89 161 1225962294354628163199933358
161 113 3877148503657270592958488
113 161 3877148503657270592958488
161 137 -724387345656224564451
137 161 -724387345656224564451
161 161 1418681934524637
160 22 1915270119030586414335613140
22 160 1915270119030586414335613140
160 46 -186085107331487400677916278366
46 160 -186085107331487400677916278366
160 70 115546334393115855054357728945
70 160 115546334393115855054357728945
160 94 1697541890631653632019533211
94 160 1697541890631653632019533211
160 118 3114724920219079219753683
118 160 3114724920219079219753683
160 142 -349702807296795936121
142 160 -349702807296795936121
159 3 -107808594038784
3 159 -107808594038784
159 27 37604038378777734721518993088
27 159 37604038378777734721518993088
159 51 -731447260718574666329373896692
51 159 -731447260718574666329373896692
159 75 191640804474605657492627107486
75 159 191640804474605657492627107486
159 99 1875836251533177232421457983
99 159 1875836251533177232421457983
159 123 1959581166247675522008515
123 159 1959581166247675522008515
159 147 -75341820343638936662
147 159 -75341820343638936662
158 8 1911538821547191221824
8 158 1911538821547191221824
158 32 381814396865896928039530028880
32 158 381814396865896928039530028880
158 56 -1895833943486722813859130904678
56 158 -1895833943486722813859130904678
158 80 269770873214533356526888815535
80 158 269770873214533356526888815535
158 104 1622783243700633497779191429
104 158 1622783243700633497779191429
158 128 1259713639968491392696387
128 158 1259713639968491392696387
158 152 -11952842751410266465
152 158 -11952842751410266465
157 13 -60531693939578148279163384
13 157 -60531693939578148279163384
157 37 2159452113468580689365807326352
37 157 2159452113468580689365807326352
157 61 -3929125939335263342173879832920
61 157 -3929125939335263342173879832920
157 85 317832139445825628842116439136
85 157 317832139445825628842116439136
157 109 1182984523758352799997560482
109 157 1182984523758352799997560482
157 133 685302889691747259579149
133 157 685302889691747259579149
157 157 -1926263955489656705
156 18 10651826112446432270764328966
18 156 10651826112446432270764328966
156 42 6554741036168237764468411390556
42 156 6554741036168237764468411390556
156 66 -7059033475410607316139834530959
66 156 -7059033475410607316139834530959
156 90 321226140819888376432365787636
90 156 321226140819888376432365787636
156 114 734320260281915716379420673
114 156 734320260281915716379420673
156 138 265274578520374129305299
138 156 265274578520374129305299
155 23 146900483778102291466271054676
23 155 146900483778102291466271054676
155 47 12570749577880001042895721988184
47 155 12570749577880001042895721988184
155 71 -10941414443048407812826608049668
71 155 -10941414443048407812826608049668
155 95 288247050987620392345228266507
95 155 288247050987620392345228266507
155 119 345961845316100231434415394
119 155 345961845316100231434415394
155 143 63913313862342556826924
143 155 63913313862342556826924
154 4 1121862394580661248
4 154 1121862394580661248
154 28 2430810881147424459579079735452
28 154 2430810881147424459579079735452
154 52 23211210001873978473236380422854
52 154 23211210001873978473236380422854
154 76 -14331302467573603526447286333059
76 154 -14331302467573603526447286333059
154 100 228530114518910500226643368145
100 154 228530114518910500226643368145
154 124 109206444357289331525953225
124 154 109206444357289331525953225
154 148 9047461739133273718163
148 154 9047461739133273718163
153 9 7973073106892767210418176
9 153 7973073106892767210418176
153 33 21212282649883258759995914211328
33 153 21212282649883258759995914211328
153 57 45630754157791020610295489454048
57 153 45630754157791020610295489454048
153 81 -16042899106309771300116831862640
81 153 -16042899106309771300116831862640
153 105 158927215883870526169526948782
105 153 158927215883870526169526948782
153 129 18164107804365537569509694
129 153 18164107804365537569509694
153 153 650521386816532218525
152 14 30644321904489382629369810240
14 152 30644321904489382629369810240
152 38 93295924246895422962570169325264
38 152 93295924246895422962570169325264
152 62 83678866008714893388007583746906
62 152 83678866008714893388007583746906
152 86 -15583566401890722906561853428127
86 152 -15583566401890722906561853428127
152 110 98228010379342452551092746185
110 152 98228010379342452551092746185
152 134 205266778819386287902134
134 152 205266778819386287902134
151 19 -587601935112409165865084218704
19 151 -587601935112409165865084218704
151 43 184870334923608814968024812683632
43 151 184870334923608814968024812683632
151 67 128519421510625109179751767975176
67 151 128519421510625109179751767975176
151 91 -13043755225019525825909679824764
91 151 -13043755225019525825909679824764
151 115 53649566401612663026903251678
115 151 53649566401612663026903251678
151 139 -201081303662702503137498
139 151 -201081303662702503137498
150 24 4708838107873072066140954259015
24 150 4708838107873072066140954259015
150 48 256412011110768560631224338500916
48 150 256412011110768560631224338500916
150 72 171265197192310515217667426433313
72 150 171265197192310515217667426433313
150 96 -9363610920412627938432645314403
96 150 -9363610920412627938432645314403
150 120 25067862922978286563165586218
120 150 25067862922978286563165586218
150 144 151923364272273487432558
144 150 151923364272273487432558
149 5 -5362765991000393183232
5 149 -5362765991000393183232
149 29 52051859122907677902246786945593
29 149 52051859122907677902246786945593
149 53 282105009125281601016297630045138
53 149 282105009125281601016297630045138
149 77 196353577564170091148464689816882
77 149 196353577564170091148464689816882
149 101 -5743186406945841591331065286544
101 149 -5743186406945841591331065286544
149 125 9493070763911190045526194383
125 149 9493070763911190045526194383
149 149 64552607775109958754881
148 10 4319105874452305577941447680
10 148 4319105874452305577941447680
148 34 479531879453681566684379550742888
34 148 479531879453681566684379550742888
148 58 378473392411631922545108843157150
58 148 378473392411631922545108843157150
148 82 187966968763662665659547489295844
82 148 187966968763662665659547489295844
148 106 -2939383625235386685524824570089
106 148 -2939383625235386685524824570089
148 130 2703685909199964877045631987
130 148 2703685909199964877045631987
147 15 -2406658456241775022177215557632
15 147 -2406658456241775022177215557632
147 39 753314182524397200353702024555008
39 147 753314182524397200353702024555008
147 63 363517194280392455480491300852348
63 147 363517194280392455480491300852348
147 87 152634443670348579658541315368904
87 147 152634443670348579658541315368904
147 111 -1197940995733838583460290581859
111 147 -1197940995733838583460290581859
147 135 520735836722581543983916774
135 147 520735836722581543983916774
146 20 38892974098358791353265275767232
20 146 38892974098358791353265275767232
146 44 377419393605633201680251627889576
44 146 377419393605633201680251627889576
146 68 160178341023680408983302931396759
68 146 160178341023680408983302931396759
146 92 104821680751128109513180058613127
92 146 104821680751128109513180058613127
146 116 -346617628952203918150866319785
116 146 -346617628952203918150866319785
146 140 58532563578082329137720377
140 146 58532563578082329137720377
145 1 144315105280
1 145 144315105280
145 25 -208207436491630711608987147782372
25 145 -208207436491630711608987147782372
145 49 -2689901715729289858646230745981512
49 145 -2689901715729289858646230745981512
145 73 -65364047077882325689140168743344
73 145 -65364047077882325689140168743344
145 97 58624903389218745411405239390428
97 145 58624903389218745411405239390428
145 121 -38735761725485692160854187639
121 145 -38735761725485692160854187639
145 145 2864735835313825180846494
144 6 9993959163316923337785344
6 144 9993959163316923337785344
144 30 1689542526510582331573590078554595
30 144 1689542526510582331573590078554595
144 54 -5820246248592225906389839838044028
54 144 -5820246248592225906389839838044028
144 78 -324702107367020851174549100415148
78 144 -324702107367020851174549100415148
144 102 25476411453954348885083236202267
102 144 25476411453954348885083236202267
144 126 23675968817740776729288892000
126 144 23675968817740776729288892000
143 11 -232381388662246170451710328832
11 143 -232381388662246170451710328832
143 35 1140070786639408041034787259662552
35 143 1140070786639408041034787259662552
143 59 -7702662723582870268205460964221640
59 143 -7702662723582870268205460964221640
143 83 -477968394122669957719243492116448
83 143 -477968394122669957719243492116448
143 107 7575269444923911427341070173929
107 143 7575269444923911427341070173929
143 131 15971694940869415724338706016
131 143 15971694940869415724338706016
142 16 97744485597669613578119687393280
16 142 97744485597669613578119687393280
142 40 2061835068269583572255803216982200
40 142 2061835068269583572255803216982200
142 64 -9008383986419694019725637468954646
64 142 -9008383986419694019725637468954646
142 88 -445270431633745436293245215129196
88 142 -445270431633745436293245215129196
142 112 668300181058476153217287400397
112 142 668300181058476153217287400397
142 136 4873830918081265270696070483
136 142 4873830918081265270696070483
141 21 -1357586089592528560639738509524992
21 141 -1357586089592528560639738509524992
141 45 -12576291287842231424184073717160832
45 141 -12576291287842231424184073717160832
141 69 -7298766009659326206482770206102384
69 141 -7298766009659326206482770206102384
141 93 -312192277269502917520164290810056
93 141 -312192277269502917520164290810056
141 117 -668077267638963625362703619595
117 141 -668077267638963625362703619595
141 141 806579208504548772312391596
140 2 44175649033814016
2 140 44175649033814016
140 26 7672510071258905066950072811886208
26 140 7672510071258905066950072811886208
140 50 -21528834546725069693372432839040344
50 140 -21528834546725069693372432839040344
140 74 -4073142665484142628171104430778193
74 140 -4073142665484142628171104430778193
140 98 -157046207502231762537574126065363
98 140 -157046207502231762537574126065363
140 122 -384490716162742144621013907771
122 140 -384490716162742144621013907771
139 7 -5566753352306217869898285056
7 139 -5566753352306217869898285056
139 31 -4560283146557632164139149038650208
31 139 -4560283146557632164139149038650208
139 55 -10894370453254722967491659281674192
55 139 -10894370453254722967491659281674192
139 79 -1044819420675755624646557671993632
79 139 -1044819420675755624646557671993632
139 103 -51089489341417670406797787890036
103 139 -51089489341417670406797787890036
139 127 -72561440939604887265837406124
127 139 -72561440939604887265837406124
138 12 -1724789461824728614713472630784
12 138 -1724789461824728614713472630784
138 36 26388970596514661954383917019781388
36 138 26388970596514661954383917019781388
138 60 -189542179046353462476135995574196
60 138 -189542179046353462476135995574196
138 84 917593340119895564041740051470420
84 138 917593340119895564041740051470420
138 108 -6499001467449618840522867774752
108 138 -6499001467449618840522867774752
138 132 23595113242320279623795030163
132 138 23595113242320279623795030163
137 17 -2211278964191826625910586702184448
17 137 -2211278964191826625910586702184448
137 41 -709607411806527651916473220245620
41 137 -709607411806527651916473220245620
137 65 7683956460889391064132558583937684
65 137 7683956460889391064132558583937684
137 89 1225357235456033571093688772290968
89 137 1225357235456033571093688772290968
137 113 3589495559110801704205860058866
113 137 3589495559110801704205860058866
137 137 18665542651613235228584247930
136 22 23883756607205228278417963347267584
22 136 23883756607205228278417963347267584
136 46 -11457874209685042460887514456889096
46 136 -11457874209685042460887514456889096
136 70 11831755878345957708053923222665742
70 136 11831755878345957708053923222665742
136 94 804703091401929989076013470083492
94 136 804703091401929989076013470083492
136 118 1774226186163321843761539352989
118 136 1774226186163321843761539352989
135 3 1542423919337453649920
3 135 1542423919337453649920
135 27 -48212107681561420822636929571520512
27 135 -48212107681561420822636929571520512
135 51 86397751503847310116605480607207424
51 135 86397751503847310116605480607207424
135 75 9132912729811622052020304526008676
75 135 9132912729811622052020304526008676
135 99 300940915138502939370114444850312
99 135 300940915138502939370114444850312
135 123 -164984612181877497384320174621
123 135 -164984612181877497384320174621
134 8 782822186812240616419363258368
8 134 782822186812240616419363258368
134 32 32989361092313337156092851471715200
32 134 32989361092313337156092851471715200
134 56 169063397154245849983897411384265104
56 134 169063397154245849983897411384265104
134 80 3120082955995507721542915947335544
80 134 3120082955995507721542915947335544
134 104 33251386252661159188141838434803
104 134 33251386252661159188141838434803
134 128 -363582669635207862883641375478
128 134 -363582669635207862883641375478
133 13 396232618512581343092498777964544
13 133 396232618512581343092498777964544
133 37 2838429647226110607665892880982480
37 133 2838429647226110607665892880982480
133 61 126632853552929687372514804847683664
61 133 126632853552929687372514804847683664
133 85 -3046886414725084317290187647296672
85 133 -3046886414725084317290187647296672
133 109 -11663403722891913497242763958688
109 133 -11663403722891913497242763958688
133 133 -89904931358860260547377363244
132 18 26848219284145101883262613055717376
18 132 26848219284145101883262613055717376
132 42 -8071835074744915205350320764743092
42 132 -8071835074744915205350320764743092
132 66 62702703566026421992527212252969540
66 132 62702703566026421992527212252969540
132 90 -4425318285230802598083298382994844
90 132 -4425318285230802598083298382994844
132 114 2984241680449046954254548174290
114 132 2984241680449046954254548174290
131 23 -189307222961775426527257408188039168
23 131 -189307222961775426527257408188039168
131 47 210738228668744733873718905742985624
47 131 210738228668744733873718905742985624
131 71 57573722499963830631671221338373192
71 131 57573722499963830631671221338373192
131 95 -2666319167159779824801668330954304
95 131 -2666319167159779824801668330954304
131 119 7438424068448875433861164436931
119 131 7438424068448875433861164436931
130 4 9186418864543661829390336
4 130 9186418864543661829390336
130 28 96619364763042099630144416739731456
28 130 96619364763042099630144416739731456
130 52 625764600687724546091158894744970792
52 130 625764600687724546091158894744970792
130 76 69452937505472016396380399137690346
76 130 69452937505472016396380399137690346
130 100 -1028102467683561469161706214314892
100 130 -1028102467683561469161706214314892
130 124 3348742380402803546110956024079
124 130 3348742380402803546110956024079
129 9 -47324925682433085122563232759808
9 129 -47324925682433085122563232759808
129 33 804882642421902811147780717898293248
33 129 804882642421902811147780717898293248
129 57 11057138637807847269871811984990208
57 129 11057138637807847269871811984990208
129 81 58548220091744160390922057100054144
81 129 58548220091744160390922057100054144
129 105 -189641262829524692893508251399952
105 129 -189641262829524692893508251399952
129 129 172070169101879421178688348228
128 14 -12195273594076358290827921218994176
14 128 -12195273594076358290827921218994176
128 38 -183325987354960679374200231310225536
38 128 -183325987354960679374200231310225536
128 62 -670300171974788469278926636615341040
62 128 -670300171974788469278926636615341040
128 86 29292898240390136184123615923918328
86 128 29292898240390136184123615923918328
128 110 -23450652342595420524505489209667
110 128 -23450652342595420524505489209667
127 19 -205959161083985937086803509054406656
19 127 -205959161083985937086803509054406656
127 43 -842952914674978935494875622971942496
43 127 -842952914674978935494875622971942496
127 67 -797514291855305254870060448155067824
67 127 -797514291855305254870060448155067824
127 91 9155585085839419975670864335226848
91 127 9155585085839419975670864335226848
127 115 -24370963199389096303513171104908
115 127 -24370963199389096303513171104908
126 24 1050263597509708024345494890499751936
24 126 1050263597509708024345494890499751936
126 48 1162228422540686768882261491571313713
48 126 1162228422540686768882261491571313713
126 72 -492784477772715352421690438703911572
72 126 -492784477772715352421690438703911572
126 96 -254346574552555727265251223589660
96 126 -254346574552555727265251223589660
126 120 -3206401684422840903835001702081
120 126 -3206401684422840903835001702081
125 5 7962160297315267178016014336
5 125 7962160297315267178016014336
125 29 2754459356906792815253740283885068288
29 125 2754459356906792815253740283885068288
125 53 -1021891900321592819642063885133409485
53 125 -1021891900321592819642063885133409485
125 77 -215757415641764565132983268883620777
77 125 -215757415641764565132983268883620777
125 101 -251709856732069188910142652891260
101 125 -251709856732069188910142652891260
125 125 5709072924121855695091022174986
124 10 1561830806865569430467797970845696
10 124 1561830806865569430467797970845696
124 34 -5511381643961617841503342806794328064
34 124 -5511381643961617841503342806794328064
124 58 -2239570183781286159047584516417628412
58 124 -2239570183781286159047584516417628412
124 82 -87873322530481814831806926725175276
82 124 -87873322530481814831806926725175276
124 106 402640260312614629107172079106246
106 124 402640260312614629107172079106246
123 15 191744510713810037330247390774427648
15 123 191744510713810037330247390774427648
123 39 -5529456096246227847462750758861275136
39 123 -5529456096246227847462750758861275136
123 63 -1073528247998253706999292491342987200
63 123 -1073528247998253706999292491342987200
123 87 -47462380728455607261178124867270264
87 123 -47462380728455607261178124867270264
123 111 371159431111441916485268699156436
111 123 371159431111441916485268699156436
122 20 1521169858682813053222019427392159744
20 122 1521169858682813053222019427392159744
122 44 10012233611003592737458542315919532672
44 122 10012233611003592737458542315919532672
122 68 1005280984202001157380681387657477004
68 122 1005280984202001157380681387657477004
122 92 -21446692307126597851288187379702682
92 122 -21446692307126597851288187379702682
122 116 87599990779088486979504311286765
116 122 87599990779088486979504311286765
121 1 -933825345486848
1 121 -933825345486848
121 25 -4622008469508613751051020370659540992
25 121 -4622008469508613751051020370659540992
121 49 4087567601286371278568255540533637940
49 121 4087567601286371278568255540533637940
121 73 1787014070262002894294103769125036036
73 121 1787014070262002894294103769125036036
121 97 -7520450699453436072250269619739040
97 121 -7520450699453436072250269619739040
121 121 -5830106013848273455709496910802
120 6 -72002402523530408793938591744
6 120 -72002402523530408793938591744
120 30 -23839728634233757312572783976628338688
30 120 -23839728634233757312572783976628338688
120 54 3125042689968771669699586868622038429
54 120 3125042689968771669699586868622038429
120 78 1101060308208386413809290074503444056
78 120 1101060308208386413809290074503444056
120 102 -2411519860325566186073305984390498
102 120 -2411519860325566186073305984390498
119 11 -31413908227115720513199609714049024
11 119 -31413908227115720513199609714049024
119 35 11155835344132836318711459104434372608
35 119 11155835344132836318711459104434372608
119 59 1029221893076866412777986192942630604
59 119 1029221893076866412777986192942630604
119 83 179912269137199485874441746284409616
83 119 179912269137199485874441746284409616
119 107 -1910475990212561652380211589634472
107 119 -1910475990212561652380211589634472
118 16 -1987925973125533861265152047503638528
16 118 -1987925973125533861265152047503638528
118 40 43280229671486937595877737314371866624
40 118 43280229671486937595877737314371866624
118 64 580205566927545247174487588068009740
64 118 580205566927545247174487588068009740
118 88 -135730190453872988076515555229934756
88 118 -135730190453872988076515555229934756
118 112 52077586191223414254277795523902
112 118 52077586191223414254277795523902
117 21 -11961828417939969306865300787441958912
21 117 -11961828417939969306865300787441958912
117 45 -707656872819702225271795967039373312
45 117 -707656872819702225271795967039373312
117 69 -858759534870131116167045457859002688
69 117 -858759534870131116167045457859002688
117 93 -22708787978187159979765875274759520
93 117 -22708787978187159979765875274759520
117 117 174911311507762444569530864725484
116 2 1619795912736353812480
2 116 1619795912736353812480
116 26 24803632245088709675916253145146982400
26 116 24803632245088709675916253145146982400
116 50 -35833122940500578544761352262682054592
50 116 -35833122940500578544761352262682054592
116 74 28828339095066742707881081586651084
74 116 28828339095066742707881081586651084
116 98 25492673998000706730442255569645366
98 116 25492673998000706730442255569645366
115 7 -35798385155256052137471028232192
7 115 -35798385155256052137471028232192
115 31 126200426063181746474278272437807349760
31 115 126200426063181746474278272437807349760
115 55 -4116887572307465651111944771770522416
55 115 -4116887572307465651111944771770522416
115 79 -1110461097874718505839176473308205152
79 115 -1110461097874718505839176473308205152
115 103 18870456255819021979902932446502832
103 115 18870456255819021979902932446502832
114 12 416937085230798773882703054192508928
12 114 416937085230798773882703054192508928
114 36 -776364765373863782302253037871906816
36 114 -776364765373863782302253037871906816
114 60 16023495918532505662404802114161512570
60 114 16023495918532505662404802114161512570
114 84 -1003224579190058171777722696161553912
84 114 -1003224579190058171777722696161553912
114 108 3546358143762538705711489924002110
108 114 3546358143762538705711489924002110
113 17 16479948643857652377133272878735687680
17 113 16479948643857652377133272878735687680
113 41 -129672042038199999869455160164028071936
41 113 -129672042038199999869455160164028071936
113 65 23843610843726246245150942977585583458
65 113 23843610843726246245150942977585583458
113 89 -286696796859399396114399809305387960
89 113 -286696796859399396114399809305387960
113 113 653620966677755275199930399463484
112 22 87743650603954228049223440134995705856
22 112 87743650603954228049223440134995705856
112 46 -171596844025545848135405218973527306240
46 112 -171596844025545848135405218973527306240
112 70 16004345099700056598691582379612463036
70 112 16004345099700056598691582379612463036
112 94 1276683410170477100025657696513620
94 112 1276683410170477100025657696513620
111 3 -59709733581326243904618496
3 111 -59709733581326243904618496
111 27 -95293851377439199849477911570637914112
27 111 -95293851377439199849477911570637914112
111 51 68705807871888237247954719445951180800
51 111 68705807871888237247954719445951180800
111 75 533134213878451904657476614221947584
75 111 533134213878451904657476614221947584
111 99 -43006176700355451477725755098066888
99 111 -43006176700355451477725755098066888
110 8 2016849877939932549923019616681984
8 110 2016849877939932549923019616681984
110 32 -590373452934001067276739377165411680256
32 110 -590373452934001067276739377165411680256
110 56 9283289070840723954791801409088155840
56 110 9283289070840723954791801409088155840
110 80 -6514294166442949156002212057687697248
80 110 -6514294166442949156002212057687697248
110 104 822902138066690282832965983898012
104 110 822902138066690282832965983898012
109 13 -4001792911944988659187385543830798336
13 109 -4001792911944988659187385543830798336
109 37 -125893942655211783194747839839235014656
37 109 -125893942655211783194747839839235014656
109 61 -95374443374904984980603771910342333832
61 109 -95374443374904984980603771910342333832
109 85 -436591530448621902768282270332230880
85 109 -436591530448621902768282270332230880
109 109 2720933293646566526985309498392560
108 18 -118430929368194447634058290130157830144
18 108 -118430929368194447634058290130157830144
108 42 256830273806444224481391461388163235840
42 108 256830273806444224481391461388163235840
108 66 -74518825326117495783146435589334219286
66 108 -74518825326117495783146435589334219286
108 90 1639562394647994514113762087805963160
90 108 1639562394647994514113762087805963160
107 23 -539049523719700937933069559425352597504
23 107 -539049523719700937933069559425352597504
107 47 816654634859832580986941898910789451776
47 107 816654634859832580986941898910789451776
107 71 -37395047254564677836755966846717328676
71 107 -37395047254564677836755966846717328676
107 95 845452244050931931289135254620784112
95 107 845452244050931931289135254620784112
106 4 99798314452573685193260400640
4 106 99798314452573685193260400640
106 28 167959164117246708530075854592287965184
28 106 167959164117246708530075854592287965184
106 52 257351931955712296289454435240314113024
52 106 257351931955712296289454435240314113024
106 76 -15072086188601115690191459863408404460
76 106 -15072086188601115690191459863408404460
106 100 -7455470938319990277185950647941316
100 106 -7455470938319990277185950647941316
105 9 -51334072190562460574588029508780032
9 105 -51334072190562460574588029508780032
105 33 1913327716836134409072219312908503351296
33 105 1913327716836134409072219312908503351296
105 57 54960610231688391434690909302976172032
57 105 54960610231688391434690909302976172032
105 81 442966501451213308166600857236541440
81 105 442966501451213308166600857236541440
105 105 -61591364823199709657224181328116928
104 14 31016732961944537812346421756475473920
14 104 31016732961944537812346421756475473920
104 38 775405953243280684355021912320622067712
38 104 775405953243280684355021912320622067712
104 62 256069521595200905579065318073799408576
62 104 256069521595200905579065318073799408576
104 86 2481614921750775763825476086662224800
86 104 2481614921750775763825476086662224800
103 19 734265893826171345327518295186475057152
19 103 734265893826171345327518295186475057152
103 43 -943287869439407401069301290407906377728
43 103 -943287869439407401069301290407906377728
103 67 149580189018258711347023867386869314704
67 103 149580189018258711347023867386869314704
103 91 -871254070362360004113292997188516512
91 103 -871254070362360004113292997188516512
102 24 2873353206577987052878093429435801796608
24 102 2873353206577987052878093429435801796608
102 48 -2018445220957042083519244036931221798912
48 102 -2018445220957042083519244036931221798912
102 72 -12539431811201148774924270637539235841
72 102 -12539431811201148774924270637539235841
102 96 -179589082898656315854591188567476984
96 102 -179589082898656315854591188567476984
101 5 -12919143907611788838032969302016
5 101 -12919143907611788838032969302016
101 29 274156684114950150167263366320882712576
29 101 274156684114950150167263366320882712576
101 53 -1829902407948290963757162259584036900864
53 101 -1829902407948290963757162259584036900864
101 77 13830978315859289689149810893195082169
77 101 13830978315859289689149810893195082169
101 101 -349875208098184382097404284686346628
100 10 758400714693323647879373260102565888
10 100 758400714693323647879373260102565888
100 34 -4270999643602700340477143999607674503168
34 100 -4270999643602700340477143999607674503168
100 58 7380054808337086133217556886182677504
58 100 7380054808337086133217556886182677504
100 82 23592476050018008448734897406465126896
82 100 23592476050018008448734897406465126896
99 15 -205772746949390440356852696943861694464
15 99 -205772746949390440356852696943861694464
99 39 -2394138274643737851204810709666018361344
39 99 -2394138274643737851204810709666018361344
99 63 -34120589688220921898078503310204645376
63 99 -34120589688220921898078503310204645376
99 87 10300291157337786199364629479002641920
87 99 10300291157337786199364629479002641920
98 20 -3847029712957045476185085366777260539904
20 98 -3847029712957045476185085366777260539904
98 44 4551667712358614066553185837887674515456
44 98 4551667712358614066553185837887674515456
98 68 -241153379017617851043063357814534471360
68 98 -241153379017617851043063357814534471360
98 92 -1491134365908931796537563004376134608
92 98 -1491134365908931796537563004376134608
97 1 980418300691349504
1 97 980418300691349504
97 25 -13177065532667341919749920677723319042048
25 97 -13177065532667341919749920677723319042048
97 49 3534969497874670635138797877389242810368
49 97 3534969497874670635138797877389242810368
97 73 -55323913263437158756599243572780328676
73 97 -55323913263437158756599243572780328676
97 97 -1508934695943617663854490225766099440
96 6 624586717164489704745926374981632
6 96 624586717164489704745926374981632
96 30 -5447597390951700096659263960270627667968
30 96 -5447597390951700096659263960270627667968
96 54 4509943022421550750962852145166106853376
54 96 4509943022421550750962852145166106853376
96 78 -14615247044134054229202096716687436437
78 96 -14615247044134054229202096716687436437
95 11 -7286645882416689100009064830204903424
11 95 -7286645882416689100009064830204903424
95 35 4382290275418004519477555429873578672128
35 95 4382290275418004519477555429873578672128
95 59 1137112164223711749979316708667602075648
59 95 1137112164223711749979316708667602075648
95 83 -40044051868453423955681192154104785392
83 95 -40044051868453423955681192154104785392
94 16 1158657077869783158184095607351001743360
16 94 1158657077869783158184095607351001743360
94 40 3271644105665945504624584632393315385344
40 94 3271644105665945504624584632393315385344
94 64 -1667659306609394983936566286768050495488
64 94 -1667659306609394983936566286768050495488
94 88 2028825407027030258219915777032370896
88 94 2028825407027030258219915777032370896
93 21 17225931748657023744810298457292391055360
21 93 17225931748657023744810298457292391055360
93 45 -15348064607730181181517871736436593524736
45 93 -15348064607730181181517871736436593524736
93 69 -28349856092877651722662454863138652160
69 93 -28349856092877651722662454863138652160
93 93 -1280614620139917318457301801823572224
92 2 3618352829589793204600832
2 92 3618352829589793204600832
92 26 50456998973011543886496171042785003044864
26 92 50456998973011543886496171042785003044864
92 50 -5758866065357656216817298749861086887936
50 92 -5758866065357656216817298749861086887936
92 74 377479616800288135179758358503442030336
74 92 377479616800288135179758358503442030336
91 7 -17538011615570624624230504069070848
7 91 -17538011615570624624230504069070848
91 31 32075915957476657509466461695327780995072
31 91 32075915957476657509466461695327780995072
91 55 -2947682617543876376566853571123767148544
55 91 -2947682617543876376566853571123767148544
91 79 160176207473813695822724768616419141568
79 91 160176207473813695822724768616419141568
90 12 53052887003735259305054652812968853504
12 90 53052887003735259305054652812968853504
90 36 15394661667352953775370105859370353950720
36 90 15394661667352953775370105859370353950720
90 60 -4109207876362478271601552163477724823552
60 90 -4109207876362478271601552163477724823552
90 84 -20680705804556309137804763466594357016
84 90 -20680705804556309137804763466594357016
89 17 -5460314578150130558382097814052377985024
17 89 -5460314578150130558382097814052377985024
89 41 12779567876827080052347503209807020556288
41 89 12779567876827080052347503209807020556288
89 65 447069727179388828434721044820204421120
65 89 447069727179388828434721044820204421120
89 89 -2862427036250863068862380084928415448
88 22 -66930908051165047449481224274950951534592
22 88 -66930908051165047449481224274950951534592
88 46 30715830065315327439403604691038584700928
46 88 30715830065315327439403604691038584700928
88 70 635293419968198595539321878185529548800
70 88 635293419968198595539321878185529548800
87 3 65476684575992683618900115456
3 87 65476684575992683618900115456
87 27 -163889985951825338638371449143566213840896
27 87 -163889985951825338638371449143566213840896
87 51 12441978333680266709874278365205696086016
51 87 12441978333680266709874278365205696086016
87 75 -659218634069618316759336286656169082880
75 87 -659218634069618316759336286656169082880
86 8 300580197939689614340766842501464064
8 86 300580197939689614340766842501464064
86 32 -119526371358921281179296229043023827173376
32 86 -119526371358921281179296229043023827173376
86 56 -8895213761585020146582523427549004169216
56 86 -8895213761585020146582523427549004169216
86 80 32461206512432484131518652432517934336
80 86 32461206512432484131518652432517934336
85 13 -336989949464464216779792926847325437952
13 85 -336989949464464216779792926847325437952
85 37 -82232332065634934901960691078001539940352
37 85 -82232332065634934901960691078001539940352
85 61 4697240319744399705938326475659476336640
61 85 4697240319744399705938326475659476336640
85 85 11449708145003452275449520339713661792
84 18 22074492311067379250360771420894418436096
18 84 22074492311067379250360771420894418436096
84 42 -74244520740066785041404682963955224674304
42 84 -74244520740066785041404682963955224674304
84 66 6715647568478185529809969511653225103360
66 84 6715647568478185529809969511653225103360
83 23 224090008433951937534837857188769563672576
23 83 224090008433951937534837857188769563672576
83 47 -38401307147876622561636208964699309473792
47 83 -38401307147876622561636208964699309473792
83 71 892164168051056644212012029121040908288
71 83 892164168051056644212012029121040908288
82 4 -8489686127626384933629192044544
4 82 -8489686127626384933629192044544
82 28 450205690737847945465414832702743581294592
28 82 450205690737847945465414832702743581294592
82 52 -22488486832637579468512362369859119480832
52 82 -22488486832637579468512362369859119480832
82 76 -381730397672686539913616129120290459648
76 82 -381730397672686539913616129120290459648
81 9 -2895542905769335838894330463458951168
9 81 -2895542905769335838894330463458951168
81 33 335213905234069802231422762394055966982144
33 81 335213905234069802231422762394055966982144
81 57 5952972515753894865735745608026559610880
57 81 5952972515753894865735745608026559610880
81 81 81959335688954708381267315316708622336
80 14 1866467047386358049772419475054302068736
14 80 1866467047386358049772419475054302068736
80 38 216010841285086755897694694504004533092352
38 80 216010841285086755897694694504004533092352
80 62 83668723968932387227281502798716600320
62 80 83668723968932387227281502798716600320
79 19 -79232746058257541503068425363349577924608
19 79 -79232746058257541503068425363349577924608
79 43 178933650369518930532558986995119377350656
43 79 178933650369518930532558986995119377350656
79 67 -13851889566530468762241192011706926891008
67 79 -13851889566530468762241192011706926891008
78 24 -643462442810251133135745809986056364228608
24 78 -643462442810251133135745809986056364228608
78 48 -4267227420128330788366209072428021186560
48 78 -4267227420128330788366209072428021186560
78 72 -735596883552896269740405508372385726464
72 78 -735596883552896269740405508372385726464
77 5 345576471164113170315463662501888
5 77 345576471164113170315463662501888
77 29 -1007168171151416282128542274339756941770752
29 77 -1007168171151416282128542274339756941770752
77 53 31543056450520344731583594867149934428160
53 77 31543056450520344731583594867149934428160
77 77 1545149128646264487786997991184485826560
76 10 18398298816807525280073797171043893248
10 76 18398298816807525280073797171043893248
76 34 -674508325182915267111318842626515243368448
34 76 -674508325182915267111318842626515243368448
76 58 26731006130127589060580218576196459298816
58 76 26731006130127589060580218576196459298816
75 15 -8250015081457895497955279795838078943232
15 75 -8250015081457895497955279795838078943232
75 39 -323132847137045358748628095102321413849088
39 75 -323132847137045358748628095102321413849088
75 63 11273811184937979472176940344427646287872
63 75 11273811184937979472176940344427646287872
74 20 251271518210522975238255066633744175595520
20 74 251271518210522975238255066633744175595520
74 44 -275979154727362086678452545377651761610752
44 74 -275979154727362086678452545377651761610752
74 68 -488601743413738882805658461663482085376
68 74 -488601743413738882805658461663482085376
73 1 -341255758164371963904
1 73 -341255758164371963904
73 25 1578675058730504760189665440931030327361536
25 73 1578675058730504760189665440931030327361536
73 49 16891962542891915637161071513478774128640
49 73 16891962542891915637161071513478774128640
73 73 5732355409480652916283871800301103153152
72 6 -2925929653447748693354147099967488
6 72 -2925929653447748693354147099967488
72 30 1750725664226779813414504987625280096960512
30 72 1750725664226779813414504987625280096960512
72 54 -40458589584971854226048046334212013293568
54 72 -40458589584971854226048046334212013293568
71 11 -120385361404917988663911210246553468928
11 71 -120385361404917988663911210246553468928
71 35 877710743562917890694814060291397857050624
35 71 877710743562917890694814060291397857050624
71 59 -79148430155606747166394789172096614268928
59 71 -79148430155606747166394789172096614268928
70 16 28548304732942413362969459985934360510464
16 70 28548304732942413362969459985934360510464
70 40 142813616501843671682519107086794713202688
40 70 142813616501843671682519107086794713202688
70 64 862875432325417830011860139531841830912
64 70 862875432325417830011860139531841830912
69 21 -698969287337528979247544726332781602275328
21 69 -698969287337528979247544726332781602275328
69 45 203625755456237244800515387617235013992448
45 69 203625755456237244800515387617235013992448
69 69 16145806740212864688383375790077883973632
68 2 1101598450719329095459536896
2 68 1101598450719329095459536896
68 26 -3231886474440679965758197279915395791192064
26 68 -3231886474440679965758197279915395791192064
68 50 108082921880975410516654609925353217458176
50 68 108082921880975410516654609925353217458176
67 7 116290157243894927384956229998608384
7 67 116290157243894927384956229998608384
67 31 -2082274209557521458485156904618629556862976
31 67 -2082274209557521458485156904618629556862976
67 55 128209873402440131021198895860003591159808
55 67 128209873402440131021198895860003591159808
66 12 859741811089453054305263322947301408768
12 66 859741811089453054305263322947301408768
66 36 -446607980149633943163378506123074152169472
36 66 -446607980149633943163378506123074152169472
66 60 59498016591263164574082100136806983925760
60 66 59498016591263164574082100136806983925760
65 17 -83245135318487208473715526041141193474048
17 65 -83245135318487208473715526041141193474048
65 41 200375750199461660054074629500849820270592
41 65 200375750199461660054074629500849820270592
65 65 -11412421397274968570400591570345907978240
64 22 1728045433366218291983872466646645824552960
22 64 1728045433366218291983872466646645824552960
64 46 -100719784881313118912118242728000652050432
46 64 -100719784881313118912118242728000652050432
63 3 -6262130783914465084492526649344
3 63 -6262130783914465084492526649344
63 27 5268600216795660530181032513271005064462336
27 63 5268600216795660530181032513271005064462336
63 51 -398529404556401990676948082162338851979264
51 63 -398529404556401990676948082162338851979264
62 8 -2404796796227360161699069924686692352
8 62 -2404796796227360161699069924686692352
62 32 734803819918600637866018449033720938627072
32 62 734803819918600637866018449033720938627072
62 56 13979470596620360403223959992133392269312
56 62 13979470596620360403223959992133392269312
61 13 -4365281139082739997574229877223180992512
13 61 -4365281139082739997574229877223180992512
61 37 -986673026273160202233935014680454710165504
37 61 -986673026273160202233935014680454710165504
61 61 -43863760560326010588674701987060620722176
60 18 206692778161015078392825336165912425791488
18 60 206692778161015078392825336165912425791488
60 42 205075526734219828206267079485312928317440
42 60 205075526734219828206267079485312928317440
59 23 -3775252613357679236874532194108491738120192
23 59 -3775252613357679236874532194108491738120192
59 47 418689959653582783210334239203328180355072
47 59 418689959653582783210334239203328180355072
58 4 219067415542478114181064096219136
4 58 219067415542478114181064096219136
58 28 -6097761814801525045579905587382078469570560
28 58 -6097761814801525045579905587382078469570560
58 52 376239095526086612267092839267659352637440
52 58 376239095526086612267092839267659352637440
57 9 20322581739858626854989013039794094080
9 57 20322581739858626854989013039794094080
57 33 2938234896087437216016801980724582159482880
33 57 2938234896087437216016801980724582159482880
57 57 -187809590656577037390786965514638449442816
56 14 14027473990060243056407625765278101536768
14 56 14027473990060243056407625765278101536768
56 38 1950782321991238408621627684788417241022464
38 56 1950782321991238408621627684788417241022464
55 19 -389518409412499544806220178681745800953856
19 55 -389518409412499544806220178681745800953856
55 43 -2044658438897099867930336784710201574948864
43 55 -2044658438897099867930336784710201574948864
54 24 7055976132431230252280213080570483607339008
24 54 7055976132431230252280213080570483607339008
54 48 -220342245958966629078118612648675682287616
48 54 -220342245958966629078118612648675682287616
53 5 -1874289694510052980876056677318656
5 53 -1874289694510052980876056677318656
53 29 2725786907387651318526645163362753808695296
29 53 2725786907387651318526645163362753808695296
53 53 100160458646765030393348774834030476525568
52 10 -25377189615485166069685816559218458624
10 52 -25377189615485166069685816559218458624
52 34 -6764032211085705727296131269581231133556736
34 52 -6764032211085705727296131269581231133556736
51 15 -35300676040461093817218708940103887093760
15 51 -35300676040461093817218708940103887093760
51 39 725609997992352824467436229826769095491584
39 51 725609997992352824467436229826769095491584
50 20 491822102113945038999960553102486641049600
20 50 491822102113945038999960553102486641049600
50 44 3681981185679163529538402332342654341218304
44 50 3681981185679163529538402332342654341218304
49 1 50262765914840100765696
1 49 50262765914840100765696
49 25 -10688247488738046323975980577278892013780992
25 49 -10688247488738046323975980577278892013780992
49 49 -1569298015973277422671826431025642192502784
48 6 -53402826799658923114787453595025408
6 48 -53402826799658923114787453595025408
48 30 6664192771575802800238338800096118833152000
30 48 6664192771575802800238338800096118833152000
47 11 -211147738572045836042422423869162782720
11 47 -211147738572045836042422423869162782720
47 35 5106057474641731616252535068361525177614336
35 47 5106057474641731616252535068361525177614336
46 16 90771934072890063882462803271617433567232
16 46 90771934072890063882462803271617433567232
46 40 -6396213966748016727028907872544630241230848
40 46 -6396213966748016727028907872544630241230848
45 21 -327215476557032613019138234714548806352896
21 45 -327215476557032613019138234714548806352896
45 45 -756772606883596089444225257283092020723712
44 2 52516561103608429891039526912
2 44 52516561103608429891039526912
44 26 12176318853199822503290759265718367317655552
26 44 12176318853199822503290759265718367317655552
43 7 -2280521366822040280471936449208385536
7 43 -2280521366822040280471936449208385536
43 31 -17982529846043684200163021570881212314025984
31 43 -17982529846043684200163021570881212314025984
42 12 163075302765912722542066205518075002880
12 42 163075302765912722542066205518075002880
42 36 6641433950367391687755355780377382043516928
36 42 6641433950367391687755355780377382043516928
41 17 -197525109673707333288842317187997400825856
17 41 -197525109673707333288842317187997400825856
41 41 6326497115102079531172246875401297399382016
40 22 14791030217640481712806922192425712615424
22 40 14791030217640481712806922192425712615424
39 3 90610283949521829011640108974080
3 39 90610283949521829011640108974080
39 27 -9380742880889126754101684996421234108399616
27 39 -9380742880889126754101684996421234108399616
38 8 -1742306078561942221842403436345163776
8 38 -1742306078561942221842403436345163776
38 32 21949783106537588688620313515336321170669568
32 38 21949783106537588688620313515336321170669568
37 13 3340646993888538247890953867272025800704
13 37 3340646993888538247890953867272025800704
37 37 -21015532732618366503491843978718267907768320
36 18 305840766201656911586119393007249678925824
18 36 305840766201656911586119393007249678925824
35 23 57957739791777314919924412743403293376512
23 35 57957739791777314919924412743403293376512
34 4 8382899744618464944513864660156416
4 34 8382899744618464944513864660156416
34 28 4217715704308663096885662593659331644751872
28 34 4217715704308663096885662593659331644751872
33 9 46187307168061137489625052847303294976
9 33 46187307168061137489625052847303294976
33 33 -14530039291463501796893984084680746115006464
32 14 -6450878188061763778567721508929888321536
14 32 -6450878188061763778567721508929888321536
31 19 -294748135930326523294416586640891939127296
19 31 -294748135930326523294416586640891939127296
30 24 175155713721723648822445474420653826244608
24 30 175155713721723648822445474420653826244608
29 5 160326657331218164148909389966737408
5 29 160326657331218164148909389966737408
29 29 -825703887387791979548410169399081001025536
28 10 86476497502231698743757998345661972480
10 28 86476497502231698743757998345661972480
27 15 5559245111706045153995926348620174983168
15 27 5559245111706045153995926348620174983168
26 20 166896211218470630215310177503991885201408
20 26 166896211218470630215310177503991885201408
25 1 -3267877606145794487877632
1 25 -3267877606145794487877632
25 25 -297696358729501688937179745595633040359424
24 6 896961732832872116377417042622414848
6 24 896961732832872116377417042622414848
23 11 -83613588882918210732072713835392270336
11 23 -83613588882918210732072713835392270336
22 16 -3527856499016952067114343244707701719040
16 22 -3527856499016952067114343244707701719040
21 21 -48000006148316738166991264333981915545600
20 2 237274057227033846175819104256
2 20 237274057227033846175819104256
19 7 1612656744761071074377514633138274304
7 19 1612656744761071074377514633138274304
18 12 -35089076392438401780147808046266974208
12 18 -35089076392438401780147808046266974208
17 17 2274131085141065237646316636884351057920
15 3 -17687165327586894751612507521024
3 15 -17687165327586894751612507521024
14 8 761534611664381326646889598953717760
8 14 761534611664381326646889598953717760
13 13 -26798144069807257304533466496167313408
10 4 52338955172531424510389826617344
4 10 52338955172531424510389826617344
9 9 54796906882103994474238154356293632
5 5 -5013603966369727069657766035456
1 1 77371252455336267181195264
