# Weber-f modular polynomial Phi_127^f(X,Y); r=q^(1/48).
128 0 1
0 128 1
127 7 12065
7 127 12065
127 31 -193929
31 127 -193929
127 55 67691
55 127 67691
127 79 -5080
79 127 -5080
127 103 127
103 127 127
127 127 -1
126 14 48870235
14 126 48870235
126 38 2154187970
38 126 2154187970
126 62 1345316715
62 126 1345316715
126 86 59596020
86 126 59596020
126 110 181991
110 126 181991
125 21 76262595252
21 125 76262595252
125 45 -2038000182945
45 125 -2038000182945
125 69 391114518125
69 125 391114518125
125 93 -4030681550
93 125 -4030681550
125 117 454025
117 125 454025
124 4 5287645
4 124 5287645
124 28 39428336133391
28 124 39428336133391
124 52 144645014133574
52 124 144645014133574
124 76 -2350438726850
76 124 -2350438726850
124 100 19514572223
100 124 19514572223
124 124 10668
123 11 -226277361770
11 123 -226277361770
123 35 4240816896224403
35 123 4240816896224403
123 59 -480413209564344
59 123 -480413209564344
123 83 13267173643908
83 123 13267173643908
123 107 -17549345775
107 123 -17549345775
122 18 591387087113224
18 122 591387087113224
122 42 22976044427149188
42 122 22976044427149188
122 66 1857859557819427
66 122 1857859557819427
122 90 -16317862169138
90 122 -16317862169138
122 114 2718071780
114 122 2718071780
121 1 96520
1 121 96520
121 25 -137260663340003880
25 121 -137260663340003880
121 49 -13556069167368909
49 121 -13556069167368909
121 73 -1682716497581991
73 121 -1682716497581991
121 97 8916790282716
97 121 8916790282716
121 121 -30226000
120 8 5606195502090
8 120 5606195502090
120 32 1394155282127996653
32 120 1394155282127996653
120 56 342050765151173120
56 120 342050765151173120
120 80 1418349167741381
80 120 1418349167741381
120 104 1118482332881
104 120 1118482332881
119 15 66728111695670351
15 119 66728111695670351
119 39 -4326998857995488679
39 119 -4326998857995488679
119 63 -360834580325939060
63 119 -360834580325939060
119 87 -1858444187916738
87 119 -1858444187916738
119 111 52609727140
111 119 52609727140
118 22 10109695971617926510
22 118 10109695971617926510
118 46 15753387943068775445
46 118 15753387943068775445
118 70 697587222874745227
70 118 697587222874745227
118 94 305392378306351
94 118 305392378306351
118 118 19900397842
117 5 -1810218894160
5 117 -1810218894160
117 29 -34707600445693975672
29 117 -34707600445693975672
117 53 -31994559385274744480
53 117 -31994559385274744480
117 77 -361194581678792293
77 117 -361194581678792293
117 101 -422504122868017
101 117 -422504122868017
116 12 567588588456775867
12 116 567588588456775867
116 36 233316420155304538811
36 116 233316420155304538811
116 60 42246037289277873203
60 116 42246037289277873203
116 84 261270138235038874
84 116 261270138235038874
116 108 -18761182847765
108 116 -18761182847765
115 19 -127567421277231708740
19 115 -127567421277231708740
115 43 -752857129339309108330
43 115 -752857129339309108330
115 67 -32899849428695934489
67 115 -32899849428695934489
115 91 -45874582600888028
91 115 -45874582600888028
115 115 -2499449698957
114 2 3127695040
2 114 3127695040
114 26 515142400246861779900
26 114 515142400246861779900
114 50 1053540111808349639241
50 114 1053540111808349639241
114 74 20427442668021553083
74 114 20427442668021553083
114 98 16558179188573231
98 114 16558179188573231
113 9 533824893565362808
9 113 533824893565362808
113 33 -6223246534138338696544
33 113 -6223246534138338696544
113 57 -1128700642463367888411
57 113 -1128700642463367888411
113 81 -6721022202171894648
81 113 -6721022202171894648
113 105 2120372108955327
105 113 2120372108955327
112 16 575964482239055241522
16 112 575964482239055241522
112 40 13313557006554022441342
40 112 13313557006554022441342
112 64 771528387138348541479
64 112 771528387138348541479
112 88 1341816452503518801
88 112 1341816452503518801
112 112 210649209124031
111 23 -4257366671812509032097
23 111 -4257366671812509032097
111 47 -18764549047058508077573
47 111 -18764549047058508077573
111 71 -361451885174791049155
71 111 -361451885174791049155
111 95 57770084407486439
95 111 57770084407486439
110 6 37848773575246336
6 110 37848773575246336
110 30 80358589305248720979607
30 110 80358589305248720979607
110 54 17228016065327436397169
54 110 17228016065327436397169
110 78 83254606683830757899
78 110 83254606683830757899
110 102 -56533820402030952
102 110 -56533820402030952
109 13 -1020539370217853669920
13 109 -1020539370217853669920
109 37 -143709045289445154748632
37 109 -143709045289445154748632
109 61 -10191867482811116658914
61 109 -10191867482811116658914
109 85 -1330490147640799689
85 109 -1330490147640799689
109 109 -10834526402974722
108 20 17444803453431274330307
20 108 17444803453431274330307
108 44 210542354746997315300439
44 108 210542354746997315300439
108 68 3782164624344447475538
68 108 3782164624344447475538
108 92 -8584269714371100379
92 108 -8584269714371100379
107 3 39046448769024
3 107 39046448769024
107 27 -544132000430874500193138
27 107 -544132000430874500193138
107 51 -166864378739014804906521
51 107 -166864378739014804906521
107 75 -305381026534169366885
75 107 -305381026534169366885
107 99 162638317615676241
99 107 162638317615676241
106 10 647020542183547296640
10 106 647020542183547296640
106 34 1087532070384474235098928
34 106 1087532070384474235098928
106 58 92007031175959551095422
58 106 92007031175959551095422
106 82 -370987628116075636441
82 106 -370987628116075636441
106 106 317311795911532501
105 17 -34058933374500072256776
17 105 -34058933374500072256776
105 41 -1580019411380932591326888
41 105 -1580019411380932591326888
105 65 -21064316541250203770907
65 105 -21064316541250203770907
105 89 121145945233044191351
89 105 121145945233044191351
104 24 2046922032326624056963198
24 104 2046922032326624056963198
104 48 1164219436274566462336397
48 104 1164219436274566462336397
104 72 -7336632541095026267572
72 104 -7336632541095026267572
104 96 15467955002395594817
96 104 15467955002395594817
103 7 -70277459630081986560
7 103 -70277459630081986560
103 31 -5690878115742957516281443
31 103 -5690878115742957516281443
103 55 -577726618579680030488172
55 103 -577726618579680030488172
103 79 6278708390894172673810
79 103 6278708390894172673810
103 103 -5206472956331820712
102 14 32969113615799153913600
14 102 32969113615799153913600
102 38 8293343791983652061349208
38 102 8293343791983652061349208
102 62 -17217899967429248852835
62 102 -17217899967429248852835
102 86 -601434276468898838446
86 102 -601434276468898838446
101 21 -4353056003446996001545104
21 101 -4353056003446996001545104
101 45 -6353313999807100163119628
45 101 -6353313999807100163119628
101 69 138361775763272728837430
69 101 138361775763272728837430
101 93 -314159495863906766183
93 101 -314159495863906766183
100 4 161498464802369536
4 100 161498464802369536
100 28 19858138933745985341617753
28 100 19858138933745985341617753
100 52 2184693697930784360561768
52 100 2184693697930784360561768
100 76 -53124315392702865767621
76 100 -53124315392702865767621
100 100 51400783825034280548
99 11 -17770291428195315544064
11 99 -17770291428195315544064
99 35 -32547410808987471361394784
35 99 -32547410808987471361394784
99 59 1410291334078815070963153
59 99 1410291334078815070963153
99 83 -2660147087497164524945
83 99 -2660147087497164524945
98 18 5142949715535918142694848
18 98 5142949715535918142694848
98 42 27852610408496298290104316
42 98 27852610408496298290104316
98 66 -1263316131822858725467479
66 98 -1263316131822858725467479
98 90 3304576419629520627919
90 98 3304576419629520627919
97 1 -6354665472
1 97 -6354665472
97 25 -45527024925943660130251544
25 97 -45527024925943660130251544
97 49 -1403713090499263481826448
49 97 -1403713090499263481826448
97 73 241854690146874663534797
73 97 241854690146874663534797
97 97 -346460616339638081024
96 8 5710460035596274290688
8 96 5710460035596274290688
96 32 101807973930762107009949937
32 96 101807973930762107009949937
96 56 -13686661211264806772406917
56 96 -13686661211264806772406917
96 80 70547425950317083917691
80 96 70547425950317083917691
95 15 -3186302225478829412630528
15 95 -3186302225478829412630528
95 39 -100334493133082701141060684
39 95 -100334493133082701141060684
95 63 7367538726648820667016977
63 95 7367538726648820667016977
95 87 -21784959312473861092310
87 95 -21784959312473861092310
94 22 69602052504606351046331392
22 94 69602052504606351046331392
94 46 -37186249306840746958452088
46 94 -37186249306840746958452088
94 70 -77013105755072024091781
70 94 -77013105755072024091781
94 94 1767565332745446798786
93 5 138963088055481237504
5 93 138963088055481237504
93 29 -260379286471899770891158272
29 93 -260379286471899770891158272
93 53 81475289587299336275804044
53 93 81475289587299336275804044
93 77 -644422359918741631329725
77 93 -644422359918741631329725
92 12 955664056956127390969856
12 92 955664056956127390969856
92 36 306112142684049316156926300
36 92 306112142684049316156926300
92 60 -26645841867826577795010743
60 92 -26645841867826577795010743
92 84 80760793482408850264746
84 92 80760793482408850264746
91 19 -73579031188195919231299584
19 91 -73579031188195919231299584
91 43 250820310110010180907491696
43 91 250820310110010180907491696
91 67 -8108208321568702327183686
67 91 -8108208321568702327183686
91 91 -7994130664777840299922
90 2 564707451207680
2 90 564707451207680
90 26 530774002686953731926349312
26 90 530774002686953731926349312
90 50 -355853969091590267080315372
50 90 -355853969091590267080315372
90 74 3692617845510027911698554
74 90 3692617845510027911698554
89 9 -141787098578796173033472
9 89 -141787098578796173033472
89 33 -802675945064661609128485472
33 89 -802675945064661609128485472
89 57 30978860971876780463886552
57 89 30978860971876780463886552
89 81 59171266824693122943798
81 89 59171266824693122943798
88 16 54532329498845275919736832
16 88 54532329498845275919736832
88 40 -901250070101126002652453544
40 88 -901250070101126002652453544
88 64 73713847697334239704644642
64 88 73713847697334239704644642
88 88 36355139623064763990404
87 23 -808969938627037486759366656
23 87 -808969938627037486759366656
87 47 1248125315161563540898667796
47 87 1248125315161563540898667796
87 71 -13000302303033561980105653
71 87 -13000302303033561980105653
86 6 6023032190310596739072
6 86 6023032190310596739072
86 30 1782567066143763090566676224
30 86 1782567066143763090566676224
86 54 279004456486038503808693152
54 86 279004456486038503808693152
86 78 -3393466883659825615731872
78 86 -3393466883659825615731872
85 13 -24669622414190480861757440
13 85 -24669622414190480861757440
85 37 2006562480880081447259933568
37 85 2006562480880081447259933568
85 61 -412521010196118867819038504
61 85 -412521010196118867819038504
85 85 -192578410714924057492652
84 20 862381485043701003470598144
20 84 862381485043701003470598144
84 44 -3757852333116667599558489204
44 84 -3757852333116667599558489204
84 68 6295441368893700352421125
68 84 6295441368893700352421125
83 3 -4273996159663472640
3 83 -4273996159663472640
83 27 -3252896767901235283517249536
27 83 -3252896767901235283517249536
83 51 -2061974285637193842658921104
51 83 -2061974285637193842658921104
83 75 29216965269124657193782373
75 83 29216965269124657193782373
82 10 4129656128947821070254080
10 82 4129656128947821070254080
82 34 -2379919955637807805340933632
34 82 -2379919955637807805340933632
82 58 1748719605983384986896248912
58 82 1748719605983384986896248912
82 82 1584368037750990054497956
81 17 -614876743174013192685912064
17 81 -614876743174013192685912064
81 41 9985002521292508327189342368
41 81 9985002521292508327189342368
81 65 279806997733106271840408368
65 81 279806997733106271840408368
80 24 4768642810980624229729882112
24 80 4768642810980624229729882112
80 48 7497585133326509864647738694
48 80 7497585133326509864647738694
80 72 -165595051417081636342568597
72 80 -165595051417081636342568597
79 7 -28429137566486042247168
7 79 -28429137566486042247168
79 31 -718701102335622902695141376
31 79 -718701102335622902695141376
79 55 -6106806587798938209957265214
55 79 -6106806587798938209957265214
79 79 -16992211695952614079500662
78 14 276179219069888007829192704
14 78 276179219069888007829192704
78 38 -22774654021861777093140183808
38 78 -22774654021861777093140183808
78 62 -2255779371650477937251569258
62 78 -2255779371650477937251569258
77 21 -5467811962520037127176880128
21 77 -5467811962520037127176880128
77 45 -16495794285097550741271368832
45 77 -16495794285097550741271368832
77 69 723438600061810836197086276
69 77 723438600061810836197086276
76 4 2426740645442023849984
4 76 2426740645442023849984
76 28 8948505386724492740861001728
28 76 8948505386724492740861001728
76 52 18426446882466293379837250506
52 76 18426446882466293379837250506
76 76 159903264141167476759554130
75 11 -67097454203947700935720960
11 75 -67097454203947700935720960
75 35 41715348268697260173211670528
35 75 41715348268697260173211670528
75 59 10678052657236634596013985100
59 75 10678052657236634596013985100
74 18 4516221043429195486899470336
18 74 4516221043429195486899470336
74 42 17856285215106464243756361728
42 74 17856285215106464243756361728
74 66 -2611210875698077921004589396
66 74 -2611210875698077921004589396
73 1 9085332226048
1 73 9085332226048
73 25 -18930945837618955239036420096
25 73 -18930945837618955239036420096
73 49 -48854452702391505679658121712
49 73 -48854452702391505679658121712
73 73 -1156895863717967284973138576
72 8 5738659569906504087633920
8 72 5738659569906504087633920
72 32 -56060564321340648539778732032
32 72 -56060564321340648539778732032
72 56 -35483668553001495538140664768
56 72 -35483668553001495538140664768
71 15 -2367056809743336893916905472
15 71 -2367056809743336893916905472
71 39 15861176817600911597509914624
39 71 15861176817600911597509914624
71 63 8245742162847714564830279690
63 71 8245742162847714564830279690
70 22 24119091180590740562358304768
22 70 24119091180590740562358304768
70 46 111918054782936639161359930368
46 70 111918054782936639161359930368
70 70 6340386188812887882507443988
69 5 -64479969488914121490432
5 69 -64479969488914121490432
69 29 46212426435094612245320597504
29 69 46212426435094612245320597504
69 53 85424421257893076768111880800
53 69 85424421257893076768111880800
68 12 708770892746269362747342848
12 68 708770892746269362747342848
68 36 -109141368290617662648364003328
36 68 -109141368290617662648364003328
68 60 -24005884461868680509817044838
60 68 -24005884461868680509817044838
67 19 -21373895275312298923474812928
19 67 -21373895275312298923474812928
67 43 -211210757220412860323347714048
43 67 -211210757220412860323347714048
67 67 -26534036605378834525139884888
66 2 1444522823421788160
2 66 1444522823421788160
66 26 -4513569169061773011277578240
26 66 -4513569169061773011277578240
66 50 -144369879785630587984100432512
50 66 -144369879785630587984100432512
65 9 -48430397555181040099655680
9 65 -48430397555181040099655680
65 33 241419508994828555616812302336
33 65 241419508994828555616812302336
65 57 65965937302781716518642237520
57 65 65965937302781716518642237520
64 16 12944098401151695363678142464
16 64 12944098401151695363678142464
64 40 301931920168281045830224453632
40 64 301931920168281045830224453632
64 64 85443407649366717986027656428
63 23 -44175073563115947338565156864
23 63 -44175073563115947338565156864
63 47 143261182839350411182289084416
47 63 143261182839350411182289084416
62 6 1994861510348865009614848
6 62 1994861510348865009614848
62 30 -331170744060571477728946814976
30 62 -331170744060571477728946814976
62 54 -167117496044676986944293721344
54 62 -167117496044676986944293721344
61 13 -4415743041861666329950420992
13 61 -4415743041861666329950420992
61 37 -265689770281163237857155022848
37 61 -265689770281163237857155022848
61 61 -212272292843030676201119079104
60 20 63454192850185653697755742208
20 60 63454192850185653697755742208
60 44 25786127846988596643516928000
44 60 25786127846988596643516928000
59 3 3359648128675348480000
3 59 3359648128675348480000
59 27 290165674765498929826873999360
27 59 290165674765498929826873999360
59 51 370400563231647148132908173312
51 59 370400563231647148132908173312
58 10 749028577088623463574274048
10 58 749028577088623463574274048
58 34 -20188523595057600683515838464
34 58 -20188523595057600683515838464
58 58 405784716084024824480476415232
57 17 -48513250809477337492320419840
17 57 -48513250809477337492320419840
57 41 -425993905865803758964102037504
41 57 -425993905865803758964102037504
56 24 -123088268854580132216729239552
24 56 -123088268854580132216729239552
56 48 -678277330604366382459160973312
48 56 -678277330604366382459160973312
55 7 -14454424651108628847132672
7 55 -14454424651108628847132672
55 31 507206047150898494381326598144
31 55 507206047150898494381326598144
55 55 -592330682223599249906246950912
54 14 21933799550016888878653243392
14 54 21933799550016888878653243392
54 38 967997612493380756884305739776
38 54 967997612493380756884305739776
53 21 -40987547555723926790503137280
21 53 -40987547555723926790503137280
53 45 957381517938676766925860798464
45 53 957381517938676766925860798464
52 4 -161520919409162033561600
4 52 -161520919409162033561600
52 28 -891278114195500802802383323136
28 52 -891278114195500802802383323136
52 52 654963769922221984807133716480
51 11 -3102637831605627350423699456
11 51 -3102637831605627350423699456
51 35 -1351451640948308849626395443200
35 51 -1351451640948308849626395443200
50 18 89393953237099029293774667776
18 50 89393953237099029293774667776
50 42 -889576982750121326210415853568
42 50 -889576982750121326210415853568
49 1 -2792759534551040
1 49 -2792759534551040
49 25 842713975000351744718463303680
25 49 842713975000351744718463303680
49 49 -556800792852975258157077692416
48 8 97468212636128793294012416
8 48 97468212636128793294012416
48 32 1183589403412474985377228128256
32 48 1183589403412474985377228128256
47 15 -57733141108036375367034863616
15 47 -57733141108036375367034863616
47 39 124091140563938832167831863296
39 47 124091140563938832167831863296
46 22 -398344932494788737594120208384
22 46 -398344932494788737594120208384
46 46 415332574888195536846312177664
45 5 7293705844600065232994304
5 45 7293705844600065232994304
45 29 -357038898229686628980317224960
29 45 -357038898229686628980317224960
44 12 17954347186254258001898635264
12 44 17954347186254258001898635264
44 36 1354941276585765481203300827136
36 44 1354941276585765481203300827136
43 19 -11428823343534892439083941888
19 43 -11428823343534892439083941888
43 43 -403866199187624417018830127104
42 2 262106067836684206080
2 42 262106067836684206080
42 26 -645785137031835718064489365504
26 42 -645785137031835718064489365504
41 9 -1021690497093589514368057344
9 41 -1021690497093589514368057344
41 33 -2923927743492683695197446471680
33 41 -2923927743492683695197446471680
40 16 92208924491797609203458113536
16 40 92208924491797609203458113536
40 40 609938030166316127456029835264
39 23 1040635745637863800750622113792
23 39 1040635745637863800750622113792
38 6 -71766716781653330443108352
6 38 -71766716781653330443108352
38 30 3548261912360390883267372384256
30 38 3548261912360390883267372384256
37 13 -25219818494523481704695332864
13 37 -25219818494523481704695332864
37 37 -1072954055161611349802369417216
36 20 -589906522932274197365411282944
20 36 -589906522932274197365411282944
35 3 -141816999426790103449600
3 35 -141816999426790103449600
35 27 -2698609520926653655098207502336
27 35 -2698609520926653655098207502336
34 10 1343129883927999912035221504
10 34 1343129883927999912035221504
34 34 1897908824421262973423440625664
33 17 31759439771816165512767864832
17 33 31759439771816165512767864832
32 24 1062949773940618902295713677312
24 32 1062949773940618902295713677312
31 7 313731667145161228746227712
7 31 313731667145161228746227712
31 31 -2976074033061497572948556382208
30 14 72823642210539360303158657024
14 30 72823642210539360303158657024
29 21 89411360670181139458459435008
21 29 89411360670181139458459435008
28 4 5492863761987339485708288
4 28 5492863761987339485708288
28 28 3532234968276608336520783331328
27 11 -14865542268053903272935686144
11 27 -14865542268053903272935686144
26 18 -248638371578532363079419691008
18 26 -248638371578532363079419691008
25 1 285978576338026496
1 25 285978576338026496
25 25 -2862288777594061578518455648256
24 8 314824788598959666611879936
8 24 314824788598959666611879936
23 15 74603961248265651732363608064
15 23 74603961248265651732363608064
22 22 1395552036940860007460953391104
21 5 -39517613546442994168627200
5 21 -39517613546442994168627200
20 12 -5280803505139012186501283840
12 20 -5280803505139012186501283840
19 19 -381206008368537174873634504704
18 2 3278458399139135750144
2 18 3278458399139135750144
17 9 118466573771883735123230720
9 17 118466573771883735123230720
16 16 59292481232304731107503374336
14 6 48964428222297043128811520
6 14 48964428222297043128811520
13 13 -5628260366427021802351886336
11 3 65431898266140462284800
3 11 65431898266140462284800
10 10 358493697223023290931478528
7 7 -4356025674780819587072000
4 4 12299366611145843539968
1 1 -9223372036854775808
