# Weber-f modular polynomial Phi_73^f(X,Y); r=q^(1/48).
74 0 1
0 74 1
73 1 146
1 73 146
73 25 -949
25 73 -949
73 49 73
49 73 73
73 73 -1
72 2 9855
2 72 9855
72 26 287255
26 72 287255
72 50 29784
50 72 29784
71 3 408800
3 71 408800
71 27 -9333780
27 71 -9333780
71 51 1133690
51 71 1133690
70 4 11688395
4 70 11688395
70 28 -101034117
28 70 -101034117
70 52 16088981
52 70 16088981
69 5 244993110
5 69 244993110
69 29 523587463
29 69 523587463
69 53 128249174
53 69 128249174
68 6 3910585399
6 68 3910585399
68 30 13547798294
30 68 13547798294
68 54 679766875
54 68 679766875
67 7 48767544880
7 67 48767544880
67 31 97050408450
31 67 97050408450
67 55 2618996910
55 67 2618996910
66 8 483839963684
8 66 483839963684
66 32 349345193216
32 66 349345193216
66 56 7736541095
56 66 7736541095
65 9 3869847402396
9 65 3869847402396
65 33 393319353258
33 65 393319353258
65 57 18133420022
57 65 18133420022
64 10 25190005917184
10 64 25190005917184
64 34 -2624165722158
34 64 -2624165722158
64 58 34501415855
58 64 34501415855
63 11 134263137613600
11 63 134263137613600
63 35 -17108405757830
35 63 -17108405757830
63 59 54103787210
59 63 54103787210
62 12 587310461665255
12 62 587310461665255
62 36 -54695116446792
36 62 -54695116446792
62 60 70613424870
60 62 70613424870
61 13 2101863688315654
13 61 2101863688315654
61 37 -110012380968959
37 61 -110012380968959
61 61 77123359594
60 14 6077821964199679
14 60 6077821964199679
60 38 -123592841655441
38 60 -123592841655441
59 15 13742170450533440
15 59 13742170450533440
59 39 25200571311720
39 59 25200571311720
58 16 22121597990162820
16 58 22121597990162820
58 40 417707144141191
40 58 417707144141191
57 17 15932573790061316
17 57 15932573790061316
57 41 896433291931888
41 57 896433291931888
56 18 -37774624002412648
18 56 -37774624002412648
56 42 978211779700553
42 56 978211779700553
55 19 -172270981341675440
19 55 -172270981341675440
55 43 162125805452880
43 55 162125805452880
54 20 -361105030825209705
20 54 -361105030825209705
54 44 -1436655700708527
44 54 -1436655700708527
53 21 -438278950006449818
21 53 -438278950006449818
53 45 -2763196771645989
45 53 -2763196771645989
52 22 -102502588256944421
22 52 -102502588256944421
52 46 -2462473647779876
46 52 -2462473647779876
51 23 863870342340242560
23 51 863870342340242560
51 47 -198215596471850
47 51 -198215596471850
50 24 2188555326010303625
24 50 2188555326010303625
50 48 2656452860971378
48 50 2656452860971378
49 1 -3887104
1 49 -3887104
49 25 2860506980550891782
25 49 2860506980550891782
49 49 3953951413341540
48 2 1176596480
2 48 1176596480
48 26 1539253431594066015
26 48 1539253431594066015
47 3 -38231162880
3 47 -38231162880
47 27 -2272595699739965280
27 47 -2272595699739965280
46 4 -413835743232
4 46 -413835743232
46 28 -7052833529235356430
28 46 -7052833529235356430
45 5 2144614248448
5 45 2144614248448
45 29 -9381899809587358828
29 45 -9381899809587358828
44 6 55491781812224
6 44 55491781812224
44 30 -6020092175717280118
30 44 -6020092175717280118
43 7 397518473011200
7 43 397518473011200
43 31 3123791986039089280
31 43 3123791986039089280
42 8 1430917911412736
8 42 1430917911412736
42 32 13579634374793003756
32 42 13579634374793003756
41 9 1611036070944768
9 41 1611036070944768
41 33 18357101166440295952
33 41 18357101166440295952
40 10 -10748582797959168
10 40 -10748582797959168
40 34 12743053040821740260
34 40 12743053040821740260
39 11 -70076029984071680
11 39 -70076029984071680
39 35 -1547291178706278240
35 39 -1547291178706278240
38 12 -224031196966060032
12 38 -224031196966060032
38 36 -16502435529961617998
36 38 -16502435529961617998
37 13 -450610712448856064
13 37 -450610712448856064
37 37 -22844567085066540860
36 14 -506236279420686336
14 36 -506236279420686336
35 15 103221540092805120
15 35 103221540092805120
34 16 1710928462402318336
16 34 1710928462402318336
33 17 3671790763753013248
17 33 3671790763753013248
32 18 4006755449653465088
18 32 4006755449653465088
31 19 664067299134996480
19 31 664067299134996480
30 20 -5884541750102126592
20 30 -5884541750102126592
29 21 -11318053976661970944
21 29 -11318053976661970944
28 22 -10086292061306372096
22 28 -10086292061306372096
27 23 -811891083148697600
23 27 -811891083148697600
26 24 10880830918538764288
24 26 10880830918538764288
25 1 1224736768
1 25 1224736768
25 25 16195384989046947840
24 2 499692601344
2 24 499692601344
23 3 19020162007040
3 23 19020162007040
22 4 269928309456896
4 22 269928309456896
21 5 2151664094019584
5 21 2151664094019584
20 6 11404595691520000
6 20 11404595691520000
19 7 43939476862402560
7 19 43939476862402560
18 8 129797621043691520
8 18 129797621043691520
17 9 304228304527818752
9 17 304228304527818752
16 10 578837706105159680
10 16 578837706105159680
15 11 907710924440207360
11 15 907710924440207360
14 12 1184696681543761920
12 14 1184696681543761920
13 13 1293915262554210304
1 1 -68719476736
