# Weber-f modular polynomial Phi_191^f(X,Y); r=q^(1/48).
192 0 1
0 192 1
191 23 15922333
23 191 15922333
191 47 -86266105
47 191 -86266105
191 71 46918577
71 191 46918577
191 95 -7280729
95 191 -7280729
191 119 462411
119 191 462411
191 143 -13752
143 191 -13752
191 167 191
167 191 191
191 191 -1
190 22 168367564061
22 190 168367564061
190 46 37764529462713
46 190 37764529462713
190 70 138124090713746
70 190 138124090713746
190 94 51593694318775
94 190 51593694318775
190 118 3292861044571
118 190 3292861044571
190 142 38851049667
142 190 38851049667
190 166 57243655
166 190 57243655
190 190 382
189 21 144024464310124
21 189 144024464310124
189 45 -343475082986920788
45 189 -343475082986920788
189 69 3011597650911538840
69 189 3011597650911538840
189 93 -997181184467538182
93 189 -997181184467538182
189 117 31809905016324370
117 189 31809905016324370
189 141 -201006759795522
141 189 -201006759795522
189 165 77439892815
165 189 77439892815
189 189 -68569
188 20 29471649638257654
20 188 29471649638257654
188 44 386705724706110725324
44 188 386705724706110725324
188 68 3023616225749978207681
68 188 3023616225749978207681
188 92 150210562168392555510
92 188 150210562168392555510
188 116 -4779722469994908603
116 188 -4779722469994908603
188 140 42495464613236227
140 188 42495464613236227
188 164 12218642826652
164 188 12218642826652
188 188 7699974
187 19 2226460314106376860
19 187 2226460314106376860
187 43 -106811214231525905935419
43 187 -106811214231525905935419
187 67 197779732949512977752597
67 187 197779732949512977752597
187 91 -6035326162857144369403
91 187 -6035326162857144369403
187 115 348086833095985317442
115 187 348086833095985317442
187 139 -2949733660946116762
139 187 -2949733660946116762
187 163 -132955867269920
163 187 -132955867269920
187 187 -607697060
186 18 77807244337415110392
18 186 77807244337415110392
186 42 10679516588204699451627296
42 186 10679516588204699451627296
186 66 -5729735743615834702899369
66 186 -5729735743615834702899369
186 90 470808390626693000712831
90 186 470808390626693000712831
186 114 -10410268694104665651752
114 186 -10410268694104665651752
186 138 119693546175290826460
138 186 119693546175290826460
186 162 -19551678313137144
162 186 -19551678313137144
186 186 35905940065
185 17 1437654324152215767000
17 185 1437654324152215767000
185 41 -501621443382541887854247731
41 185 -501621443382541887854247731
185 65 84596767036543723301804169
65 185 84596767036543723301804169
185 89 -9225638482872688021224879
89 185 -9225638482872688021224879
185 113 182073520055369360648981
113 185 182073520055369360648981
185 137 -2994186244655029732181
137 185 -2994186244655029732181
185 161 683041549206590994
161 185 683041549206590994
185 185 -1652320255681
184 16 15293770450291244742648
16 184 15293770450291244742648
184 40 13327185041649516549147763743
40 184 13327185041649516549147763743
184 64 -1259966599215247090666033667
64 184 -1259966599215247090666033667
184 88 23808078207205384593765171
88 184 23808078207205384593765171
184 112 -1370214074226237149098453
112 184 -1370214074226237149098453
184 136 51666774422377413472333
136 184 51666774422377413472333
184 160 -6846033592261702354
160 184 -6846033592261702354
184 184 60834726569148
183 15 99099614995142163570400
15 183 99099614995142163570400
183 39 -228529336575357988127450589388
39 183 -228529336575357988127450589388
183 63 18616847310201708012120829716
63 183 18616847310201708012120829716
183 87 954909943915440854282529665
87 183 954909943915440854282529665
183 111 3887884847580211610481819
111 183 3887884847580211610481819
183 135 -682052739020027337348946
135 183 -682052739020027337348946
183 159 -100372188935140186618
159 183 -100372188935140186618
183 183 -1826924960725063
182 14 406057269956974121573008
14 182 406057269956974121573008
182 38 2773675576143290042959288068514
38 182 2773675576143290042959288068514
182 62 -155255065259955241376157635278
62 182 -155255065259955241376157635278
182 86 -8973935057515117607927931581
86 182 -8973935057515117607927931581
182 110 -85476136030521863666126097
110 182 -85476136030521863666126097
182 134 7207377519338983318174822
134 182 7207377519338983318174822
182 158 4163694085404513221441
158 182 4163694085404513221441
182 182 45395191873233888
181 13 1077576514183318206655776
13 181 1077576514183318206655776
181 37 -25415453851604231280503870832972
37 181 -25415453851604231280503870832972
181 61 -764433528871511388040950323038
61 181 -764433528871511388040950323038
181 85 -35723581139594191812630285664
85 181 -35723581139594191812630285664
181 109 2416079745309431237670362066
109 181 2416079745309431237670362066
181 133 -59300997358555104824192549
133 181 -59300997358555104824192549
181 157 -64870284557531972933114
157 181 -64870284557531972933114
181 181 -943334498304582673
180 12 1876964153054028682523280
12 180 1876964153054028682523280
180 36 184066318250693163088179172450092
36 180 184066318250693163088179172450092
180 60 40939924852852127248604696688720
60 180 40939924852852127248604696688720
180 84 1430886117381859792213632918581
84 180 1430886117381859792213632918581
180 108 -32435424495651817084372029412
108 180 -32435424495651817084372029412
180 132 345537274372552060753887305
132 180 345537274372552060753887305
180 156 581729204756334135002668
156 180 581729204756334135002668
180 180 16523608951945070424
179 11 2155153028366636413311552
11 179 2155153028366636413311552
179 35 -1089300220104628251598989279223410
35 179 -1089300220104628251598989279223410
179 59 -599041012163668641668880005201847
59 179 -599041012163668641668880005201847
179 83 -17192619593184283201267282051964
83 179 -17192619593184283201267282051964
179 107 282776904377814133339050970101
107 179 282776904377814133339050970101
179 131 -1083937688838523481269396833
131 179 -1083937688838523481269396833
179 155 -2610223665545114240833637
155 179 -2610223665545114240833637
179 179 -245281233855251264189
178 10 1624229079827896486292032
10 178 1624229079827896486292032
178 34 5399626608737326641933212990015790
34 178 5399626608737326641933212990015790
178 58 5320813462080591275872362544299117
58 178 5320813462080591275872362544299117
178 82 154987358864653570836074281863082
82 178 154987358864653570836074281863082
178 106 -1951612269988509618567412598633
106 178 -1951612269988509618567412598633
178 130 -1771904449867279478854739292
130 178 -1771904449867279478854739292
178 154 -6423559989118846245883260
154 178 -6423559989118846245883260
178 178 3094605562573831509214
177 9 792796919961137308563200
9 177 792796919961137308563200
177 33 -22843686830506094551524009715139768
33 177 -22843686830506094551524009715139768
177 57 -31621409379977277439373057622825268
57 177 -31621409379977277439373057622825268
177 81 -1266007771030739511383756876667032
81 177 -1266007771030739511383756876667032
177 105 12352860248973897416439372605760
105 177 12352860248973897416439372605760
177 129 38417027356939819107481724173
129 177 38417027356939819107481724173
177 153 204184904896820821650719887
153 177 204184904896820821650719887
177 177 -33186039579119127822184
176 8 244700327204659915882368
8 176 244700327204659915882368
176 32 83680546000966090584065512705223236
32 176 83680546000966090584065512705223236
176 56 118125676031705806998473206414351198
56 176 118125676031705806998473206414351198
176 80 9444284743811450322579727189465032
80 176 9444284743811450322579727189465032
176 104 -74539741549225869123847598700884
104 176 -74539741549225869123847598700884
176 128 -179554862012411014880133322605
128 176 -179554862012411014880133322605
176 152 -1664168877955501384001160419
152 176 -1664168877955501384001160419
176 176 301369553016034950003801
175 7 46004938372870904544000
7 175 46004938372870904544000
175 31 -268423237446310743005655629167787160
31 175 -268423237446310743005655629167787160
175 55 -131314312637828908769003469468461208
55 175 -131314312637828908769003469468461208
175 79 -60956656717907323527877073818331311
79 175 -60956656717907323527877073818331311
175 103 398421606480762599663203658344730
103 175 398421606480762599663203658344730
175 127 146210904079884821559518916571
127 175 146210904079884821559518916571
175 151 7015068168340553202917261509
151 175 7015068168340553202917261509
175 175 -2295441716238808522648514
174 6 4979663637594567065088
6 174 4979663637594567065088
174 30 760637725064969308282525011333317648
30 174 760637725064969308282525011333317648
174 54 -1649148122089655696593154829022979032
54 174 -1649148122089655696593154829022979032
174 78 327666676518782454495133826572318214
78 174 327666676518782454495133826572318214
174 102 -1741897211604023867575302513427498
102 174 -1741897211604023867575302513427498
174 126 3262480230492399329159096029866
126 174 3262480230492399329159096029866
174 150 -5584168615081191886677854717
150 174 -5584168615081191886677854717
174 174 14366944133753051463799828
173 5 284986920205616238080
5 173 284986920205616238080
173 29 -1917327515477764002833898278949576112
29 173 -1917327515477764002833898278949576112
173 53 13980259257420483101644888714979958644
53 173 13980259257420483101644888714979958644
173 77 -1448389203416761591302598117283135961
77 173 -1448389203416761591302598117283135961
173 101 6249663049779332696879616453109642
101 173 6249663049779332696879616453109642
173 125 -30073472171106414955402570626673
125 173 -30073472171106414955402570626673
173 149 -124261338379130378202213120692
149 173 -124261338379130378202213120692
173 173 -70605994906451767179649208
172 4 7544742307393959424
4 172 7544742307393959424
172 28 4322246452536139018800567569209701520
28 172 4322246452536139018800567569209701520
172 52 -64181235048245212090411672752838145620
52 172 -64181235048245212090411672752838145620
172 76 5285535761267391368483202841267288285
76 172 5285535761267391368483202841267288285
172 100 -22594237475455767210403816470281718
100 172 -22594237475455767210403816470281718
172 124 217572378923603231516891816839981
124 172 217572378923603231516891816839981
172 148 778100063958257923825054269048
148 172 778100063958257923825054269048
172 172 239899902679619638776540277
171 3 73740525726783488
3 171 73740525726783488
171 27 -8749876301555142652038692758682744768
27 171 -8749876301555142652038692758682744768
171 51 197463835504167849500628794149441723472
51 171 197463835504167849500628794149441723472
171 75 -16269445124205690082002395620477946004
75 171 -16269445124205690082002395620477946004
171 99 112332647640413479401093495662772592
99 171 112332647640413479401093495662772592
171 123 -1450857281326037244387919736553588
123 171 -1450857281326037244387919736553588
171 147 -1252504839995746022442582022067
147 171 -1252504839995746022442582022067
171 171 -249625468097924119806704378
170 2 172408385598464
2 170 172408385598464
170 26 15954731963112567872929259454387602912
26 170 15954731963112567872929259454387602912
170 50 -372758004180988433842228929924611240024
50 170 -372758004180988433842228929924611240024
170 74 44588455972644036095514473323375206846
74 170 44588455972644036095514473323375206846
170 98 -639682702428505987753728762467910148
98 170 -639682702428505987753728762467910148
170 122 7659151376953885126501892330181390
122 170 7659151376953885126501892330181390
170 146 -10917911730235782054237492200653
146 170 -10917911730235782054237492200653
170 170 -3231666734064878949065340428
169 1 32608937984
1 169 32608937984
169 25 -26258882541493763826499137749811072064
25 169 -26258882541493763826499137749811072064
169 49 45706635143534886695631171674927849360
49 169 45706635143534886695631171674927849360
169 73 -119668722349587882934497947694340727560
73 169 -119668722349587882934497947694340727560
169 97 2960845857867098395013171401435715628
97 169 2960845857867098395013171401435715628
169 121 -26516558387179541113446080066970396
121 169 -26516558387179541113446080066970396
169 145 89194482672569964048747277760196
145 169 89194482672569964048747277760196
169 169 25597223522080418052226235101
168 24 39056248929799535345649656767800399224
24 168 39056248929799535345649656767800399224
168 48 2703699014511440382282272393381318791312
48 168 2703699014511440382282272393381318791312
168 72 337456310347871898803467745412051513654
72 168 337456310347871898803467745412051513654
168 96 -9416469496374317977395033474743002872
96 168 -9416469496374317977395033474743002872
168 120 29378444639986378115062543228597738
120 168 29378444639986378115062543228597738
168 144 -303584796874190467864509161488528
144 168 -303584796874190467864509161488528
168 168 -91917966426834979822565111161
167 23 -52517765082987527652998275499622144128
23 167 -52517765082987527652998275499622144128
167 47 -11767581151527466349884019754069574341841
47 167 -11767581151527466349884019754069574341841
167 71 -941159354241540466716324772352090340392
71 167 -941159354241540466716324772352090340392
167 95 16037535393479134514922394977495095772
95 167 16037535393479134514922394977495095772
167 119 264208020942899740938497330456733245
119 167 264208020942899740938497330456733245
167 143 285631383771386872673012431065451
143 167 285631383771386872673012431065451
167 167 44855044207336624619471693865
166 22 63818927852450271491717037817550411648
22 166 63818927852450271491717037817550411648
166 46 30382855318530327043527015018876397143599
46 166 30382855318530327043527015018876397143599
166 70 2206708595631696094744846697889541602964
70 166 2206708595631696094744846697889541602964
166 94 8117508588679307163789116591654272881
94 166 8117508588679307163789116591654272881
166 118 -1806137220462790290878348849369104821
118 166 -1806137220462790290878348849369104821
166 142 2012104975624500281969803077016928
142 166 2012104975624500281969803077016928
166 166 1466837212462063811894281676732
165 21 -69999010412441141216309542069461958144
21 165 -69999010412441141216309542069461958144
165 45 -50244421912937080989107462256312851989276
45 165 -50244421912937080989107462256312851989276
165 69 -3359517689372851035771096545290952343536
69 165 -3359517689372851035771096545290952343536
165 93 -87720424171283949187343375200322945540
93 165 -87720424171283949187343375200322945540
165 117 5240270656729376159641565778301961364
117 165 5240270656729376159641565778301961364
165 141 -9255705041945973579804644862331006
141 165 -9255705041945973579804644862331006
165 165 -8932647300185873143907172296449
164 20 69155943240578224300809081107355224320
20 164 69155943240578224300809081107355224320
164 44 31163139053186289920998998146051296883378
44 164 31163139053186289920998998146051296883378
164 68 -189278545240013397608348915351536640012
68 164 -189278545240013397608348915351536640012
164 92 -163895549113983621839809495247187210881
92 164 -163895549113983621839809495247187210881
164 116 -2140710154912664149930581800772469528
116 164 -2140710154912664149930581800772469528
164 140 10889463730799803458262863800200874
140 164 10889463730799803458262863800200874
164 164 23232197188578164985307685320395
163 19 -61354480495288448090684744926386435584
19 163 -61354480495288448090684744926386435584
163 43 112515023099478059007150686211999303105780
43 163 112515023099478059007150686211999303105780
163 67 18034869037120664456933565616215545897058
67 163 18034869037120664456933565616215545897058
163 91 2699502969758914640846721178930957787453
91 163 2699502969758914640846721178930957787453
163 115 -47415313500243567716916622198665865589
115 163 -47415313500243567716916622198665865589
163 139 24914949499516513835692098330824011
139 163 24914949499516513835692098330824011
163 163 19156409457518993765578092364276
162 18 48680814404158035730081600725332329472
18 162 48680814404158035730081600725332329472
162 42 -475424416606074066606151366042686546762200
42 162 -475424416606074066606151366042686546762200
162 66 -50438862778141670988662974941908314259632
66 162 -50438862778141670988662974941908314259632
162 90 -11077851289127735326994339396697177590573
90 162 -11077851289127735326994339396697177590573
162 114 210463099452519538679867368086753018552
114 162 210463099452519538679867368086753018552
162 138 54511460091616038770102040947315035
138 162 54511460091616038770102040947315035
162 162 -418322135707098348665194006849491
161 17 -34358174393127775104723920533476756480
17 161 -34358174393127775104723920533476756480
161 41 1027732794609366906844823286218664378460616
41 161 1027732794609366906844823286218664378460616
161 65 38992352147314014542345632190279443846474
65 161 38992352147314014542345632190279443846474
161 89 20106051435226434914039405357675778519237
89 161 20106051435226434914039405357675778519237
161 113 -378578560111281639895905121824311687017
113 161 -378578560111281639895905121824311687017
161 137 -1427086581813625806203409690029202124
137 161 -1427086581813625806203409690029202124
161 161 1613075727603438074001856814979664
160 16 21422219776247319189520771252537148416
16 160 21422219776247319189520771252537148416
160 40 -1411507453781007902447108117337190541569240
40 160 -1411507453781007902447108117337190541569240
160 64 193823733831942780514431518984332854922414
64 160 193823733831942780514431518984332854922414
160 88 17477004967379484092406975314652807582073
88 160 17477004967379484092406975314652807582073
160 112 -279073032205161282094537009514932863363
112 160 -279073032205161282094537009514932863363
160 136 6560644904207735851978391611640781234
136 160 6560644904207735851978391611640781234
160 160 -1563288702085604143275418383942372
159 15 -11695967657219120410380292974151561216
15 159 -11695967657219120410380292974151561216
159 39 852094069546721263103908964908248924332448
39 159 852094069546721263103908964908248924332448
159 63 -860333354895574610034402784833055836100568
63 159 -860333354895574610034402784833055836100568
159 87 -212032520123751257220202180614727301204668
87 159 -212032520123751257220202180614727301204668
159 111 3242448576723561878274116615556381081448
111 159 3242448576723561878274116615556381081448
159 135 -10125380217111296456260664965946807487
135 159 -10125380217111296456260664965946807487
159 159 -13270901399971184707102078051513653
158 14 5529217647347022481339610101776168960
14 158 5529217647347022481339610101776168960
158 38 1516144195525663668076372593491185845486896
38 158 1516144195525663668076372593491185845486896
158 62 1720367748310786230157120142559772467286884
62 158 1720367748310786230157120142559772467286884
158 86 556894745740962390544418398738362935780170
86 158 556894745740962390544418398738362935780170
158 110 -6346385462562156307176011509936107284718
110 158 -6346385462562156307176011509936107284718
158 134 -34808097402927006653059334282968865509
134 158 -34808097402927006653059334282968865509
158 158 71478076695661437856685095729318539
157 13 -2230886850774278659274730043849543680
13 157 -2230886850774278659274730043849543680
157 37 -5782802726455030383349505951931019722141088
37 157 -5782802726455030383349505951931019722141088
157 61 -1285413352989270794266771331983219042738264
61 157 -1285413352989270794266771331983219042738264
157 85 -276911047115422435793458900917564457240582
85 157 -276911047115422435793458900917564457240582
157 109 -6663202848737850971110730781364473347484
109 157 -6663202848737850971110730781364473347484
157 133 238972353406179426303311353548398195520
133 157 238972353406179426303311353548398195520
157 157 -130693335100885433857704665197311886
156 12 753935639554839196009181890355576832
12 156 753935639554839196009181890355576832
156 36 10288140846513060574310262719902267465289136
36 156 10288140846513060574310262719902267465289136
156 60 -3008962789052704640302262712199237272990632
60 156 -3008962789052704640302262712199237272990632
156 84 -2800002912413681828254490259785219818323392
84 156 -2800002912413681828254490259785219818323392
156 108 61910977284952402130911127458934424196952
108 156 61910977284952402130911127458934424196952
156 132 -548467322368420049479581369224056555652
132 156 -548467322368420049479581369224056555652
156 156 -256555889679013624794133323356778857
155 11 -208203397952341862649887709863706624
11 155 -208203397952341862649887709863706624
155 35 -11565605452910060766699011903862039444282176
35 155 -11565605452910060766699011903862039444282176
155 59 11317250920721286615286901074824665961941164
59 155 11317250920721286615286901074824665961941164
155 83 10004221249668947943225844156541372333161877
83 155 10004221249668947943225844156541372333161877
155 107 -113454084272135705485505380470602146599918
107 155 -113454084272135705485505380470602146599918
155 131 -95238665658833042599837630592539439546
131 155 -95238665658833042599837630592539439546
155 155 2203363783261126740909434011124081666
154 10 45443900639531664063844975714533376
10 154 45443900639531664063844975714533376
154 34 6064576782102654672305490373964743381947584
34 154 6064576782102654672305490373964743381947584
154 58 -14499606843565219929474304643218327453760532
58 154 -14499606843565219929474304643218327453760532
154 82 -12623271524516515665864513117008839332431767
82 154 -12623271524516515665864513117008839332431767
154 106 -127904119487999865381384645634412911646742
106 154 -127904119487999865381384645634412911646742
154 130 4315204462839870310086150129689079296152
130 154 4315204462839870310086150129689079296152
154 154 -5169558688505882250173681734267872478
153 9 -7488449300901330554960300913065984
9 153 -7488449300901330554960300913065984
153 33 6816752556373770104831271719265991394659584
33 153 6816752556373770104831271719265991394659584
153 57 -8036137628711608451030371081351045279918512
57 153 -8036137628711608451030371081351045279918512
153 81 -18719465738910860863033291956482927485679908
81 153 -18719465738910860863033291956482927485679908
153 105 1083143443897298986169051434114966583991448
105 153 1083143443897298986169051434114966583991448
153 129 -11692174308066590343072103954302242711548
129 153 -11692174308066590343072103954302242711548
153 153 -2580603143776625802581758090445518770
152 8 873410398889542716564947844661248
8 152 873410398889542716564947844661248
152 32 -22584119260496126439153729877395048665107840
32 152 -22584119260496126439153729877395048665107840
152 56 69609456229194303588250942380066031719360616
56 152 69609456229194303588250942380066031719360616
152 80 112893472315220582543836393827359612706560902
80 152 112893472315220582543836393827359612706560902
152 104 -1994552256097669696126509113115702008262916
104 152 -1994552256097669696126509113115702008262916
152 128 3328776597038834967932256738234833183758
128 152 3328776597038834967932256738234833183758
152 152 52650613258274683244822414538708149878
151 7 -65748525827036530324831958597632
7 151 -65748525827036530324831958597632
151 31 32887449427499741019034345158997260110739712
31 151 32887449427499741019034345158997260110739712
151 55 -131853266257631651745919378652403385765560944
55 151 -131853266257631651745919378652403385765560944
151 79 -198800993051932212341043269484075545733305592
79 151 -198800993051932212341043269484075545733305592
151 103 -1476003622296992004300966811772075464126252
103 151 -1476003622296992004300966811772075464126252
151 127 65182165261760715425176142059519146491702
127 151 65182165261760715425176142059519146491702
151 151 -143240743525884770146096160815902062931
150 6 2799571196498332733047385882624
6 150 2799571196498332733047385882624
150 30 -30427162662788740262793687426731938992780800
30 150 -30427162662788740262793687426731938992780800
150 54 74669369280157004897891425483927960462535072
54 150 74669369280157004897891425483927960462535072
150 78 -20254080592082800948202224312005536409552632
78 150 -20254080592082800948202224312005536409552632
150 102 15432505419523982727513508508079119139759864
102 150 15432505419523982727513508508079119139759864
150 126 -182765083968226214238881795901382188221534
126 150 -182765083968226214238881795901382188221534
150 150 21559048006080958585654971555483922482
149 5 -55999837887018254171068956672
5 149 -55999837887018254171068956672
149 29 14401922956733191552915287835135910797539840
29 149 14401922956733191552915287835135910797539840
149 53 233313833220194219028138592320147389484536864
53 149 233313833220194219028138592320147389484536864
149 77 907937727163565614902827122315120524750256420
77 149 907937727163565614902827122315120524750256420
149 101 -30921153541084472419313473566727412453324076
101 149 -30921153541084472419313473566727412453324076
149 125 57114366060796290758854434848382334750106
125 149 57114366060796290758854434848382334750106
149 149 1005628945934231263131241517798369293355
148 4 405490341989434759917338624
4 148 405490341989434759917338624
148 28 7977763597615690219775743525389132002144768
28 148 7977763597615690219775743525389132002144768
148 52 -721776369871889540476448995174393033684741472
52 148 -721776369871889540476448995174393033684741472
148 76 -2040407776336161312060340361687312188066276740
76 148 -2040407776336161312060340361687312188066276740
148 100 -3702867952084956793265537180337161158626564
100 148 -3702867952084956793265537180337161158626564
148 124 906809934178009422082270085876391834930290
124 148 906809934178009422082270085876391834930290
148 148 -2996887042906002754236508423927743531447
147 3 -720319457236186904395776
3 147 -720319457236186904395776
147 27 -25725144019423785466423020675232180218509312
27 147 -25725144019423785466423020675232180218509312
147 51 914521624449835797802650503490914240344909440
51 147 914521624449835797802650503490914240344909440
147 75 1076080515913260357054656082121068004551766288
75 147 1076080515913260357054656082121068004551766288
147 99 160729510991922205160426027928447973586247952
99 147 160729510991922205160426027928447973586247952
147 123 -2378823180760658904707516753098997709143456
123 147 -2378823180760658904707516753098997709143456
147 147 1312135274584430086607419327006587260140
146 2 158395916983574986752
2 146 158395916983574986752
146 26 31112043846175054892571663379329430675045376
26 146 31112043846175054892571663379329430675045376
146 50 -88807868957738785734212749135960495639281472
50 146 -88807868957738785734212749135960495639281472
146 74 5281833880092438670992416816366512184263170568
74 146 5281833880092438670992416816366512184263170568
146 98 -360657888231569725304327790639525234740393816
98 146 -360657888231569725304327790639525234740393816
146 122 435927138093040060288230198562536282533068
122 146 435927138093040060288230198562536282533068
146 146 16287134953600501264293793146717328629158
145 1 -723652538531840
1 145 -723652538531840
145 25 -24100006198328251084562472456334488252090368
25 145 -24100006198328251084562472456334488252090368
145 49 -1981787625785861021193225650214422251141475968
49 145 -1981787625785861021193225650214422251141475968
145 73 -15317246011463223299235896019222153332633603248
73 145 -15317246011463223299235896019222153332633603248
145 97 120580173864947054050352940553899599035849760
97 145 120580173864947054050352940553899599035849760
145 121 11370339145530467911000980653232533495021412
121 145 11370339145530467911000980653232533495021412
145 145 -50479225794014055984861542086953205347288
144 24 11074351163438859805828187723289881769213952
24 144 11074351163438859805828187723289881769213952
144 48 4142067676805799290933436006664731100896180508
48 144 4142067676805799290933436006664731100896180508
144 72 14244955408430925887627935062177050600431600208
72 144 14244955408430925887627935062177050600431600208
144 96 1220727999407359605219759055594381482191899368
96 144 1220727999407359605219759055594381482191899368
144 120 -26306713341449112329090179762070368237795608
120 144 -26306713341449112329090179762070368237795608
144 144 27430534104920451449514851372830332383053
143 23 374428755095837791810610558361008941957120
23 143 374428755095837791810610558361008941957120
143 47 -3963575251571722042386451300428844502282951936
47 143 -3963575251571722042386451300428844502282951936
143 71 20993975518016853650213829333310027831379328965
71 143 20993975518016853650213829333310027831379328965
143 95 -3077831914444872058368268816450248215484327679
95 143 -3077831914444872058368268816450248215484327679
143 119 -614283061979342644536603683678034502301757
119 143 -614283061979342644536603683678034502301757
143 143 230431657759784717734932104786075239877270
142 22 -6107267140501314500071078787884830556553216
22 142 -6107267140501314500071078787884830556553216
142 46 -355231475830955142936850996543841982557125888
46 142 -355231475830955142936850996543841982557125888
142 70 -87347228802767162697825361148025732201135060027
70 142 -87347228802767162697825361148025732201135060027
142 94 1862559175112781467560468575269776062222519119
94 142 1862559175112781467560468575269776062222519119
142 118 124916749807416600092997041053317242158068045
118 142 124916749807416600092997041053317242158068045
142 142 -705817281034803701887854721138158876433054
141 21 6470494961800572092436604326688906394730496
21 141 6470494961800572092436604326688906394730496
141 45 7316172995598686382421204027927313922759275520
45 141 7316172995598686382421204027927313922759275520
141 69 109082272451918451990659441446146802574324021452
69 141 109082272451918451990659441446146802574324021452
141 93 6951388987266025223363534262144095231769071924
93 141 6951388987266025223363534262144095231769071924
141 117 -245305561959758073735382887878999797542943444
117 141 -245305561959758073735382887878999797542943444
141 141 374788480137437546468310475640447647376524
140 20 -4206181420121798219557219385530000711352320
20 140 -4206181420121798219557219385530000711352320
140 44 -11548421917950232647623183922790288538955863552
44 140 -11548421917950232647623183922790288538955863552
140 68 42413261275363974917391573538475211380670555686
68 140 42413261275363974917391573538475211380670555686
140 92 -19209341370721894435746698842863091100836245820
92 140 -19209341370721894435746698842863091100836245820
140 116 -74700876191283132220089948122299274119899488
116 140 -74700876191283132220089948122299274119899488
140 140 2902665583756604803668919273448591840582056
139 19 1832420541388617561098798853649853139386368
19 139 1832420541388617561098798853649853139386368
139 43 7466042663046215008900434954244716463505179648
43 139 7466042663046215008900434954244716463505179648
139 67 -383649755512771541171641563366101436348916058756
67 139 -383649755512771541171641563366101436348916058756
139 91 13234865841077856787810517468189804682930217227
91 139 13234865841077856787810517468189804682930217227
139 115 1194227655506484770920761564074217342287813678
115 139 1194227655506484770920761564074217342287813678
139 139 -8370408479578463956583118891616174170201824
138 18 -432314285317070702927715979499399815364608
18 138 -432314285317070702927715979499399815364608
138 42 4778839633930048313465051230971389469602244608
42 138 4778839633930048313465051230971389469602244608
138 66 597676131215102500861333405277004126440453016504
66 138 597676131215102500861333405277004126440453016504
138 90 33020877928254176774837411108592080950631384992
90 138 33020877928254176774837411108592080950631384992
138 114 -1925770751073033928964613060201226638055425194
114 138 -1925770751073033928964613060201226638055425194
138 138 3704235410909565684877179272679966573713410
137 17 -68846518344262042920683291000680589819904
17 137 -68846518344262042920683291000680589819904
137 41 -16877218080976851423477680467507633377991800832
41 137 -16877218080976851423477680467507633377991800832
137 65 -102551606205899389561274580229642612411572343912
65 137 -102551606205899389561274580229642612411572343912
137 89 -88375195984504574165342403780424409072526922333
89 137 -88375195984504574165342403780424409072526922333
137 113 -1273084656540343842522753017934153021892446350
113 137 -1273084656540343842522753017934153021892446350
137 137 32509361482207061755353184917047568520682360
136 16 123863748870621948279231040889134721794048
16 136 123863748870621948279231040889134721794048
136 40 17820020794673741718592241249296904120156317696
40 136 17820020794673741718592241249296904120156317696
136 64 -1284991623803269898894119628295905947753843233096
64 136 -1284991623803269898894119628295905947753843233096
136 88 42953040942490363955924411872479835962989446193
88 136 42953040942490363955924411872479835962989446193
136 112 9805673732013025891325214541327633000839552202
112 136 9805673732013025891325214541327633000839552202
136 136 -84860851830471973581414000684300948914105832
135 15 -66314901924038107336536086539823256436736
15 135 -66314901924038107336536086539823256436736
135 39 -4114502465900343526927549993651735183318278144
39 135 -4114502465900343526927549993651735183318278144
135 63 2476622840960594484716522433496950052499870400992
63 135 2476622840960594484716522433496950052499870400992
135 87 166260246157273208241415864107865957839311554188
87 135 166260246157273208241415864107865957839311554188
135 111 -12490795089009988405627147173982463441784784216
111 135 -12490795089009988405627147173982463441784784216
135 135 25547550442903672409050895239322584331404238
134 14 22317109187258472310756553709003963629568
14 134 22317109187258472310756553709003963629568
134 38 -14847597407810785207781687954655567312650784768
38 134 -14847597407810785207781687954655567312650784768
134 62 -1313659039249807887128988362585264989521793441520
62 134 -1313659039249807887128988362585264989521793441520
134 86 -307726248223846580167816635243862217159104318530
86 134 -307726248223846580167816635243862217159104318530
134 110 -14269117598359629572129808274920679762391598332
110 134 -14269117598359629572129808274920679762391598332
134 134 321264355523139354498857975208870906513131494
133 13 -5025120226964248076852700162676255358976
13 133 -5025120226964248076852700162676255358976
133 37 23177729885637194988107573401240915890055503872
37 133 23177729885637194988107573401240915890055503872
133 61 -3184169029953497889187899302048724199255486359008
61 133 -3184169029953497889187899302048724199255486359008
133 85 -105227170048280436184073765988837319149278728948
85 133 -105227170048280436184073765988837319149278728948
133 109 68198159129063849671361529643410964960281499748
109 133 68198159129063849671361529643410964960281499748
133 133 -736262299447777646718382699056710864192951528
132 12 686857962280068354909326694961140203520
12 132 686857962280068354909326694961140203520
132 36 -12324711583959878206678068069168075870169628672
36 132 -12324711583959878206678068069168075870169628672
132 60 7946871202311598592792472708479752796428384927632
60 132 7946871202311598592792472708479752796428384927632
132 84 1027291679742606157731290047270401216379682474516
84 132 1027291679742606157731290047270401216379682474516
132 108 -63268127564640386411115450986610196315608159504
108 132 -63268127564640386411115450986610196315608159504
132 132 86508366899340176523817714797726495426553542
131 11 -25650132863039165607245680829756604416
11 131 -25650132863039165607245680829756604416
131 35 -10530106187688106346633390751606530398111858688
35 131 -10530106187688106346633390751606530398111858688
131 59 -6368338059906995778375798604097448398510972718016
59 131 -6368338059906995778375798604097448398510972718016
131 83 -938910845294495283109266868239952373341097310894
83 131 -938910845294495283109266868239952373341097310894
131 107 -124755336578284249557388965883933387714340782814
107 131 -124755336578284249557388965883933387714340782814
131 131 2777382902662713550619717472534013883851201908
130 10 -10418991059841460939599735588432904192
10 130 -10418991059841460939599735588432904192
130 34 28186505188323921594894256415699312104028307456
34 130 28186505188323921594894256415699312104028307456
130 58 -5254636156999231548515953450341059958087173766080
58 130 -5254636156999231548515953450341059958087173766080
130 82 -2123399697180291004094212144088852398910222117966
82 130 -2123399697180291004094212144088852398910222117966
130 106 397277436812665725311849594574435789848430744106
106 130 397277436812665725311849594574435789848430744106
130 130 -5447233032706796433918108892121451582914149512
129 9 2498710948498184471106254225956405248
9 129 2498710948498184471106254225956405248
129 33 -28191403373218188821607310453409573637343412224
33 129 -28191403373218188821607310453409573637343412224
129 57 19812982727684755877732179467975600419998963207936
57 129 19812982727684755877732179467975600419998963207936
129 81 6414918922837736889297339965553649569284697553208
81 129 6414918922837736889297339965553649569284697553208
129 105 -209169981411416817673692199213519447440884783528
105 129 -209169981411416817673692199213519447440884783528
129 129 -586872042643853088507277235495426502358316160
128 8 -338219708605114094935610091112497152
8 128 -338219708605114094935610091112497152
128 32 12702432220410202063793784028157237980195323904
32 128 12702432220410202063793784028157237980195323904
128 56 -20559865980852318382305914052734495164061491729536
56 128 -20559865980852318382305914052734495164061491729536
128 80 -3625287981758151834062227105690720295806019250692
80 128 -3625287981758151834062227105690720295806019250692
128 104 -906877198663594056101024266946614902505778855140
104 128 -906877198663594056101024266946614902505778855140
128 128 20845146123029894264195933582933048676065525304
127 7 45417543471160766056915255456432128
7 127 45417543471160766056915255456432128
127 31 5110805580652742514094326702444307263845040128
31 127 5110805580652742514094326702444307263845040128
127 55 -3281651398588780465960786567348563597170315005184
55 127 -3281651398588780465960786567348563597170315005184
127 79 -13618734991883704055903503808424488850099068390632
79 127 -13618734991883704055903503808424488850099068390632
127 103 1917379103705052624357241994537542817912022304144
103 127 1917379103705052624357241994537542817912022304144
127 127 -34119952115755140253585879227291848815190286666
126 6 -6152256908388062709173666558509056
6 126 -6152256908388062709173666558509056
126 30 -13222245244113170199652066903171613133276971008
30 126 -13222245244113170199652066903171613133276971008
126 54 38251272397766560055125337937728264092188993056256
54 126 38251272397766560055125337937728264092188993056256
126 78 33482266647439580234510907926101303029887357977840
78 126 33482266647439580234510907926101303029887357977840
126 102 14361674112371005029259740263046361047883174608
102 126 14361674112371005029259740263046361047883174608
126 126 -13063594607296429851739345397540915878763793148
125 5 424728742414885929287489847033856
5 125 424728742414885929287489847033856
125 29 9455465417733918926796785249794416127276744704
29 125 9455465417733918926796785249794416127276744704
125 53 -49107168705634757269970120110860983852661255520768
53 125 -49107168705634757269970120110860983852661255520768
125 77 -18735497848212945072548800237836519079101264459088
77 125 -18735497848212945072548800237836519079101264459088
125 101 -5619032640650497224999437595752346418785497476248
101 125 -5619032640650497224999437595752346418785497476248
125 125 134563479755826769434401442002559018049350160266
124 4 12986332805251109474702591000576
4 124 12986332805251109474702591000576
124 28 -198472939853592288410572072263652883837222912
28 124 -198472939853592288410572072263652883837222912
124 52 10857794886493177578852242825849654113451662255616
52 124 10857794886493177578852242825849654113451662255616
124 76 -55991715520655379400826526173252932938729887323024
76 124 -55991715520655379400826526173252932938729887323024
124 100 7497427897815036284593603177358217200238672564184
100 124 7497427897815036284593603177358217200238672564184
124 124 -178300026498989211253688895128817614148385816370
123 3 25869426838750967813667553280
3 123 25869426838750967813667553280
123 27 -7045419241303653295369426662150011289151209472
27 123 -7045419241303653295369426662150011289151209472
123 51 55850123495382247419217634020427162918053898983424
51 123 55850123495382247419217634020427162918053898983424
123 75 137514006751684284748524481277114775099453479033792
75 123 137514006751684284748524481277114775099453479033792
123 99 6228586107784377637477049625576194391285104124576
99 123 6228586107784377637477049625576194391285104124576
123 123 -130548090455542141534963092006068852978225181432
122 2 2372953809621105470603264
2 122 2372953809621105470603264
122 26 9255606689492405456972689484344895903478317056
26 122 9255606689492405456972689484344895903478317056
122 50 -89443562294033574602573169815578349773962301467648
50 122 -89443562294033574602573169815578349773962301467648
122 74 -89436948169644730004684009269562601612225033410528
74 122 -89436948169644730004684009269562601612225033410528
122 98 -29845473942930076036568503972041861774812271169968
98 122 -29845473942930076036568503972041861774812271169968
122 122 737461562067970824340779186347782730328378376756
121 1 1612110030318862336
1 121 1612110030318862336
121 25 -7895016888265420291420295715950923846135054336
25 121 -7895016888265420291420295715950923846135054336
121 49 42995661860898516275637922474618936998664865720320
49 121 42995661860898516275637922474618936998664865720320
121 73 -164597189169218898728706870870395120137080650733504
73 121 -164597189169218898728706870870395120137080650733504
121 97 22232860383207683968596577459312393433609163152672
97 121 22232860383207683968596577459312393433609163152672
121 121 -754137229230978070392998976451638762599912964144
120 24 5661577409269281986555919913810997247700107264
24 120 5661577409269281986555919913810997247700107264
120 48 58347337352933072435724022014677199259367834451968
48 120 58347337352933072435724022014677199259367834451968
120 72 440470820889369573755241318257898560411485616593480
72 120 440470820889369573755241318257898560411485616593480
120 96 54194334488255092668733186461550639427570651061536
96 120 54194334488255092668733186461550639427570651061536
120 120 -920202871150494634999217968007122471814889991484
119 23 -4015416006606126845949571840049312727742545920
23 119 -4015416006606126845949571840049312727742545920
119 47 -125478879325906725267340460189467880100934477807616
47 119 -125478879325906725267340460189467880100934477807616
119 71 -329194378338437797457413741740790240274161301467008
71 119 -329194378338437797457413741740790240274161301467008
119 95 -135479860094722120878211360976157538717315172478865
95 119 -135479860094722120878211360976157538717315172478865
119 119 3357924957990407977958373125976294962947726204480
118 22 2992280627838156338744971800290014777200082944
22 118 2992280627838156338744971800290014777200082944
118 46 86537566291434515185539757119348935626967786586112
46 118 86537566291434515185539757119348935626967786586112
118 70 -357747792678578920018736037078250406448900133642112
70 118 -357747792678578920018736037078250406448900133642112
118 94 37425923001236202938812556529726535669791842351343
94 118 37425923001236202938812556529726535669791842351343
118 118 -2402377006167235791242753625667194957462869524792
117 21 -2183647960391565527478495230737700186763558912
21 117 -2183647960391565527478495230737700186763558912
117 45 35261006345445715379966970498943156373152277725184
45 117 35261006345445715379966970498943156373152277725184
117 69 1100112054013474277988195850216918200795627832270336
69 117 1100112054013474277988195850216918200795627832270336
117 93 309944704913480244867882726287617105796697725586148
93 117 309944704913480244867882726287617105796697725586148
117 117 -4939842743506865392082908026507671708179950978016
116 20 1418825202280119339929252583036080148667432960
20 116 1418825202280119339929252583036080148667432960
116 44 -133720164029966667747186465943539691557111512432640
44 116 -133720164029966667747186465943539691557111512432640
116 68 -895867448330486070413224418772046927019678197168384
68 116 -895867448330486070413224418772046927019678197168384
116 92 -522180683579191685340678070908531807608665499946190
92 116 -522180683579191685340678070908531807608665499946190
116 116 12166755444047482837003831544166627876424778112248
115 19 -777598032569310311609197119195280165602066432
19 115 -777598032569310311609197119195280165602066432
115 43 119005213774782872276543356576087477420065609482240
43 115 119005213774782872276543356576087477420065609482240
115 67 -599535931142814242321561607610768610531240462690816
67 115 -599535931142814242321561607610768610531240462690816
115 91 -70772158993826119677728288880900005606113573119244
91 115 -70772158993826119677728288880900005606113573119244
115 115 -4479960520489712526540839786055448125641937263204
114 18 351829414909295442948801994067860627008782336
18 114 351829414909295442948801994067860627008782336
114 42 -5309485702730953771765523890046379336545765163008
42 114 -5309485702730953771765523890046379336545765163008
114 66 2142865065436133135008698107270483393912790910581760
66 114 2142865065436133135008698107270483393912790910581760
114 90 1380765478760634841842475602419937236150692855746344
90 114 1380765478760634841842475602419937236150692855746344
114 114 -20038886975087920920787958649504246593423704124448
113 17 -130903423538455326055561688178955413018902528
17 113 -130903423538455326055561688178955413018902528
113 41 -104228975045211435743860893671266999721423322218496
41 113 -104228975045211435743860893671266999721423322218496
113 65 -1743198078961114119155648487478334572812680754000896
65 113 -1743198078961114119155648487478334572812680754000896
113 89 -1693029607187310985136191896311357736236159961439544
89 113 -1693029607187310985136191896311357736236159961439544
113 113 31158324692168586024918294854985210336435456757900
112 16 40562894108781917525808578631354308175593472
16 112 40562894108781917525808578631354308175593472
112 40 118377385626404737561485790493917433253394804375552
40 112 118377385626404737561485790493917433253394804375552
112 64 -928073723330086869519930139056824395726340928177152
64 112 -928073723330086869519930139056824395726340928177152
112 88 -941377228712235684131743015641260102461050243250648
88 112 -941377228712235684131743015641260102461050243250648
112 112 4544991151265754568491086944103161631311548775940
111 15 -10874923946117764824176510981800015842770944
15 111 -10874923946117764824176510981800015842770944
111 39 -39257565013288389680631994293122084342448590422016
39 111 -39257565013288389680631994293122084342448590422016
111 63 3284438488492921287320238062363468579473765147242496
63 111 3284438488492921287320238062363468579473765147242496
111 87 5056436288290234870359686613396758487903854051458464
87 111 5056436288290234870359686613396758487903854051458464
111 111 -54654977615199115972906372986488856822450011024336
110 14 2662662550468411108442233670514492559065088
14 110 2662662550468411108442233670514492559065088
110 38 -52945838248365719723398190824722642847375890055168
38 110 -52945838248365719723398190824722642847375890055168
110 62 -2174361289912617988192473235546984856484067448797184
62 110 -2174361289912617988192473235546984856484067448797184
110 86 -4544054439153659661234920929639953297267197833199824
86 110 -4544054439153659661234920929639953297267197833199824
110 110 26907102213286160038373135847926561198321120857720
109 13 -590733911082362566805161297343945220554752
13 109 -590733911082362566805161297343945220554752
109 37 83921490408742934068127862098316208284940386697216
37 109 83921490408742934068127862098316208284940386697216
109 61 -1922889411163126339807778546155422460602567292710912
61 109 -1922889411163126339807778546155422460602567292710912
109 85 -4873071512370720640116470667623450953619747820870048
85 109 -4873071512370720640116470667623450953619747820870048
109 109 71987194775752856821491838845484931886336352274736
108 12 98329745255288079219438541290470811631616
12 108 98329745255288079219438541290470811631616
108 36 -46976253662193421387900486058312746499492305436672
36 108 -46976253662193421387900486058312746499492305436672
108 60 4207786720225714822067364033619563382291179415617536
60 108 4207786720225714822067364033619563382291179415617536
108 84 15555917233759909680377177369316276138120506829602864
84 108 15555917233759909680377177369316276138120506829602864
108 108 -33615726557115684177459581768975703979613387721520
107 11 -4909811606097902865497537173312564625408
11 107 -4909811606097902865497537173312564625408
107 35 -9291592900483238273105982735633154186096016359424
35 107 -9291592900483238273105982735633154186096016359424
107 59 -862020977035513333219932290980555318470891347542016
59 107 -862020977035513333219932290980555318470891347542016
107 83 -9746143024741441280232941335246901907239495641740096
83 107 -9746143024741441280232941335246901907239495641740096
107 107 -244298889970620155694870799339384838115113294200600
106 10 -2466736485661139785705229853780516798464
10 106 -2466736485661139785705229853780516798464
106 34 37372573754244824296160260280030569839912162426880
34 106 37372573754244824296160260280030569839912162426880
106 58 -5041786850899502369469507751835438565934765154795520
58 106 -5041786850899502369469507751835438565934765154795520
106 82 -18176217756614638644939683718559813189068791332799296
82 106 -18176217756614638644939683718559813189068791332799296
106 106 267648242469803305970827838950389041109770620444264
105 9 524967293406977620296418106281578987520
9 105 524967293406977620296418106281578987520
105 33 -28458523113124172581239132382754341707262201954304
33 105 -28458523113124172581239132382754341707262201954304
105 57 5448015746081528487654715035086551706478561007632384
57 105 5448015746081528487654715035086551706478561007632384
105 81 40451490306321878962877492907174067903230832411667712
81 105 40451490306321878962877492907174067903230832411667712
105 105 650256327203217491800751409841338285567490224548448
104 8 26177258823822704226642855666904989696
8 104 26177258823822704226642855666904989696
104 32 4691447797932776937390012556169569884974023180288
32 104 4691447797932776937390012556169569884974023180288
104 56 2814970491207048492215462256474838529670476345704448
56 104 2814970491207048492215462256474838529670476345704448
104 80 -15062035659395770946107888250260161639376803892010368
80 104 -15062035659395770946107888250260161639376803892010368
104 104 -1736794475660876834330100847996453825706411392340304
103 7 -20287393571152512605579166293277278208
7 103 -20287393571152512605579166293277278208
103 31 10794354170748925038808977158313081413932777734144
31 103 10794354170748925038808977158313081413932777734144
103 55 -11583513688080983544999759548307788145954248764030976
55 103 -11583513688080983544999759548307788145954248764030976
103 79 -54176947429993951524358140681963447559557118766065408
79 103 -54176947429993951524358140681963447559557118766065408
103 103 262059463531724149398410814086142876761527616739296
102 6 2070637199794216327878362964556775424
6 102 2070637199794216327878362964556775424
102 30 -11894752249188765898996138421484687041753778225152
30 102 -11894752249188765898996138421484687041753778225152
102 54 8656225023624262916462978297650762468722313787342848
54 102 8656225023624262916462978297650762468722313787342848
102 78 88368990640680629877918438554875983113644342767766016
78 102 88368990640680629877918438554875983113644342767766016
102 102 4669121521859069446208792121953220549195788265691840
101 5 -53087290347857111012426604634701824
5 101 -53087290347857111012426604634701824
101 29 5797138485284707693446126606169513969533577068544
29 101 5797138485284707693446126606169513969533577068544
101 53 6938881342087027379567600582362296317604117729509376
53 101 6938881342087027379567600582362296317604117729509376
101 77 -9058836351209743318749220976755200717582537359263232
77 101 -9058836351209743318749220976755200717582537359263232
101 101 -6938627018970861032937196153994046786920367486304832
100 4 2642532155502677486818568605532160
4 100 2642532155502677486818568605532160
100 28 -703926023404521432081613132956936506723350347776
28 100 -703926023404521432081613132956936506723350347776
100 52 -20142454337146081179857530485854008614150467296952320
52 100 -20142454337146081179857530485854008614150467296952320
100 76 -133678254996273071447213586152584142747818367986224640
76 100 -133678254996273071447213586152584142747818367986224640
100 100 -2718846876429691419736640230177781962271361154869056
99 3 -35085193834288084298312055783424
3 99 -35085193834288084298312055783424
99 27 -753512706013824928178731147215288999465378119680
27 99 -753512706013824928178731147215288999465378119680
99 51 14578119317422919329227282604924013603494972723560448
51 99 14578119317422919329227282604924013603494972723560448
99 75 158691688915701885372355955859259958167909235500107776
75 99 158691688915701885372355955859259958167909235500107776
99 99 20260398851621409471400111311450354021935286405589760
98 2 3630583476698474476050841600
2 98 3630583476698474476050841600
98 26 139457735653506960401651084807544354250218799104
26 98 139457735653506960401651084807544354250218799104
98 50 7812139398412239760514743587128322816884160830898176
50 98 7812139398412239760514743587128322816884160830898176
98 74 38324145153265871809344057886439972525866846567775232
74 98 38324145153265871809344057886439972525866846567775232
98 98 -19665280954382723688497019382939933339036385607474560
97 1 -1024671512855798874112
1 97 -1024671512855798874112
97 25 551045520187482995199812083250688738729022980096
25 97 551045520187482995199812083250688738729022980096
97 49 -25818725420167569307804526739825083782397555042680832
49 97 -25818725420167569307804526739825083782397555042680832
97 73 -277462753473990903558576867279170639293061473236715520
73 97 -277462753473990903558576867279170639293061473236715520
97 97 -19656476660081409335949373284287338083695100637436672
96 24 -647094856491348580595464576749543029441185185792
24 96 -647094856491348580595464576749543029441185185792
96 48 20480417323305144086446625143662946513133649147199488
48 96 20480417323305144086446625143662946513133649147199488
96 72 221979994063892859571131131746511419095329386748051456
72 96 221979994063892859571131131746511419095329386748051456
96 96 65302670282230276841912078704361505474456166737686086
95 23 406935556097160061471861141069084354195715260416
23 95 406935556097160061471861141069084354195715260416
95 47 4045999244499543108732892319815866430675686334136320
47 95 4045999244499543108732892319815866430675686334136320
95 71 182131592259237347070743162546687127008126264546689024
71 95 182131592259237347070743162546687127008126264546689024
95 95 -39312953320162818671898746568574676167390201274873344
94 22 -175834642351829311714716258358670485448097267712
22 94 -175834642351829311714716258358670485448097267712
94 46 -24203341171859613201965492313448372002761163904385024
46 94 -24203341171859613201965492313448372002761163904385024
94 70 -488988245080966365783138369077933863318524250848755712
70 94 -488988245080966365783138369077933863318524250848755712
94 94 -78661123817530894753988077531759733356145542429898240
93 21 61755526129749435128994077505270544297619357696
21 93 61755526129749435128994077505270544297619357696
93 45 21572749787886824729382256980620833580950212162093056
45 93 21572749787886824729382256980620833580950212162093056
93 69 204098309579878486424847962130880737813630291954106368
69 93 204098309579878486424847962130880737813630291954106368
93 93 162083190812971275771200890491602832175482291244718080
92 20 -24842626824995871452998026929522210487473799168
20 92 -24842626824995871452998026929522210487473799168
92 44 -993981047225711527540532202088760089361410041053184
44 92 -993981047225711527540532202088760089361410041053184
92 68 491351434711206217947126377831348122434841645166362624
68 92 491351434711206217947126377831348122434841645166362624
92 92 -43501550022875062715786243682844511396341778477904896
91 19 13743154385828789222298334164546268104841232384
19 91 13743154385828789222298334164546268104841232384
91 43 -16600667901694050176795670967656838779216254113677312
43 91 -16600667901694050176795670967656838779216254113677312
91 67 -736497846275341972275126284550451549803052725206777856
67 91 -736497846275341972275126284550451549803052725206777856
91 91 -222036064607067553053990276927809497181451759561754624
90 18 -7660944954196863194357103731177169691755937792
18 90 -7660944954196863194357103731177169691755937792
90 42 16570526518049566425584849610104392121439067293351936
42 90 16570526518049566425584849610104392121439067293351936
90 66 3764826698513384742390265351516025270536286924439552
66 90 3764826698513384742390265351516025270536286924439552
90 90 298823777398980444557362695805006115148530449004277760
89 17 3504553512662337574284083870060897984409763840
17 89 3504553512662337574284083870060897984409763840
89 41 -3169693643271558528823071898871225962233136777527296
41 89 -3169693643271558528823071898871225962233136777527296
89 65 1005258855523314630319009690832099248917458349795049472
65 89 1005258855523314630319009690832099248917458349795049472
89 89 33543611332060691122996584203026288225475534942629888
88 16 -1311317001036666806288800195004124636322463744
16 88 -1311317001036666806288800195004124636322463744
88 40 -8566536710102507926673614519477904789570745989595136
40 88 -8566536710102507926673614519477904789570745989595136
88 64 -950929665465876800970187621737813668009899568807280640
64 88 -950929665465876800970187621737813668009899568807280640
88 88 -444619385769184469588505817087092179380841316439117824
87 15 434627631361239506626691056504811530034872320
15 87 434627631361239506626691056504811530034872320
87 39 9304131336831419856660064473731360364752212607369216
39 87 9304131336831419856660064473731360364752212607369216
87 63 -438661244856915602018018942965030736239546405545312256
63 87 -438661244856915602018018942965030736239546405545312256
87 87 332931239528047355801984721838765202210554994968805376
86 14 -137332504560811558625746476768741118875533312
14 86 -137332504560811558625746476768741118875533312
86 38 -2197376040898542745061798480785410510731577579798528
38 86 -2197376040898542745061798480785410510731577579798528
86 62 1666302342333111102338392001921934331104432463726772224
62 86 1666302342333111102338392001921934331104432463726772224
86 86 274071800289078585314127707085198378096405115334926336
85 13 39797311287028315935795026207076149392048128
13 85 39797311287028315935795026207076149392048128
85 37 -3898252652371606553073067289226186472592363250253824
37 85 -3898252652371606553073067289226186472592363250253824
85 61 -1046523614463287882111109538325690687647620805439782912
61 85 -1046523614463287882111109538325690687647620805439782912
85 85 -500324126659830078863095397047060148459752026522828800
84 12 -9129760354513836348561944675725483045814272
12 84 -9129760354513836348561944675725483045814272
84 36 4254489963236311041102464049897774958951998446108672
36 84 4254489963236311041102464049897774958951998446108672
84 60 -1061463042067525725142748722139772371389362263361060864
60 84 -1061463042067525725142748722139772371389362263361060864
84 84 -137690015977945842390874446925724483500496436107345920
83 11 1360131980084119675359069248153058480750592
11 83 1360131980084119675359069248153058480750592
83 35 -915783626302179353543757744019870057078637564264448
35 83 -915783626302179353543757744019870057078637564264448
83 59 2288350493021352167455922793835817471814148284152283136
59 83 2288350493021352167455922793835817471814148284152283136
83 83 589719099602967403081661143822212562012867397834637312
82 10 -96237573594032023079218642846252718358528
10 82 -96237573594032023079218642846252718358528
82 34 -1744481152608914797219910371257290229594314917281792
34 82 -1744481152608914797219910371257290229594314917281792
82 58 -957584272308323004046437493867726508961890087204814848
58 82 -957584272308323004046437493867726508961890087204814848
82 82 440845962662480446068705457732428778673293244132884480
81 9 8754738375410819323018033709759292506112
9 81 8754738375410819323018033709759292506112
81 33 1782554956286648972776916964749422283383330857549824
33 81 1782554956286648972776916964749422283383330857549824
81 57 -1676486137760478413109618108813546954999414002441781248
57 81 -1676486137760478413109618108813546954999414002441781248
81 81 -1790934306494844632200196030021266860358041961245442048
80 8 -6170895594103090771937860275869411442688
8 80 -6170895594103090771937860275869411442688
80 32 -306844043908280952064375510048839032775608723570688
32 80 -306844043908280952064375510048839032775608723570688
80 56 2632190499640138403077690409699114009981013578179674112
56 80 2632190499640138403077690409699114009981013578179674112
80 80 297860540089352491400631873968744800669633660580003840
79 7 1639972474150791965704826872346183729152
7 79 1639972474150791965704826872346183729152
79 31 -832503057738099079167058607387809051365684631568384
31 79 -832503057738099079167058607387809051365684631568384
79 55 -683482120610021163528774793489061088810953637835571200
55 79 -683482120610021163528774793489061088810953637835571200
79 79 4083983934051920907458090743232621489217268188171468800
78 6 -187534728846386048953124085207262035968
6 78 -187534728846386048953124085207262035968
78 30 925626500263287729593382256179403064842364186001408
30 78 925626500263287729593382256179403064842364186001408
78 54 -2067780598863009408100350058714686897383020060901113856
54 78 -2067780598863009408100350058714686897383020060901113856
78 78 -5253073987197447941859038632215641218986463493999296512
77 5 12541149854589244081151983762439929856
5 77 12541149854589244081151983762439929856
77 29 -417069508225297226503205433962613775434315320000512
29 77 -417069508225297226503205433962613775434315320000512
77 53 2564584362189553203513361362556286000961098783175737344
53 77 2564584362189553203513361362556286000961098783175737344
77 77 -2348789541366510401115043809751438786896560003850698752
76 4 -344415301356855314121809995820433408
4 76 -344415301356855314121809995820433408
76 28 -37659771312394183721711573010720948879018214555648
28 76 -37659771312394183721711573010720948879018214555648
76 52 -320837820224106093161730201363611990669507483767144448
52 76 -320837820224106093161730201363611990669507483767144448
76 76 12757767756497533363294129665256065992149988133828558848
75 3 4584290444102697734782019321200640
3 75 4584290444102697734782019321200640
75 27 184375632632554397107344180019525308178723239886848
27 75 184375632632554397107344180019525308178723239886848
75 51 -2107158732288125189530852122956677871275126495115214848
51 75 -2107158732288125189530852122956677871275126495115214848
75 75 -10359601089230909770737454733606616738153000553448210432
74 2 949102577492017780517528141824
2 74 949102577492017780517528141824
74 26 -127095608016503214640805239562560068632427462918144
26 74 -127095608016503214640805239562560068632427462918144
74 50 2146053420581874382587731399795067789527258863270625280
50 74 2146053420581874382587731399795067789527258863270625280
74 74 -10076299486475261748152646503150418478866343499313184768
73 1 266561792933378358509568
1 73 266561792933378358509568
73 25 37183973270835608641133555931380909023918670479360
25 73 37183973270835608641133555931380909023918670479360
73 49 -21106605293504141486902927170482297447565464306712576
49 73 -21106605293504141486902927170482297447565464306712576
73 73 28168316165998000287165432471549755736542999620710563840
72 24 8269297020835462374338314119506397537866642096128
24 72 8269297020835462374338314119506397537866642096128
72 48 -1807783575468333099226763384205652685312148599878975488
48 72 -1807783575468333099226763384205652685312148599878975488
72 72 -15438442333112016998223039680336583248092321403365228544
71 23 -14927495308956222719595425267323416165766819479552
23 71 -14927495308956222719595425267323416165766819479552
71 47 1562727512783422215978452816945998337418929387511742464
47 71 1562727512783422215978452816945998337418929387511742464
71 71 -25304646376899265956493097431416114148222922761288286208
70 22 8623437821805934600117669184206878486776103567360
22 70 8623437821805934600117669184206878486776103567360
70 46 119826739299102903305972290338923490834748358306824192
46 70 119826739299102903305972290338923490834748358306824192
70 70 49490207674047012806653240070644007951155819826259165184
69 21 -3267040155773856109257857331872711946512917069824
21 69 -3267040155773856109257857331872711946512917069824
69 45 -1307771873834716979088635507191334631827208152629116928
45 69 -1307771873834716979088635507191334631827208152629116928
69 69 -17521868095681351245077178772909523658303417324190826496
68 20 979858884646451871057147933383973100859032600576
20 68 979858884646451871057147933383973100859032600576
68 44 997048066811510556217141821511222893953798653387735040
44 68 997048066811510556217141821511222893953798653387735040
68 68 -47862048918068252461964310246040334994753998281213214720
67 19 -270877756127063663431928962048885019715741679616
19 67 -270877756127063663431928962048885019715741679616
67 43 125595819193800917262022051890362801282984756497088512
43 67 125595819193800917262022051890362801282984756497088512
67 67 72243218098404255020260826342028966353979081549353582592
66 18 58771619001396718082449868342471307610652934144
18 66 58771619001396718082449868342471307610652934144
66 42 -803809339898086905124748129286331739759006651342913536
42 66 -803809339898086905124748129286331739759006651342913536
66 66 -14026927901635032297694654299721588130294398119892221952
65 17 5267802985053380925571135662536921916247113728
17 65 5267802985053380925571135662536921916247113728
65 41 573348389031382122759565855099053710679435725573718016
41 65 573348389031382122759565855099053710679435725573718016
65 65 -73272039239127166866522249004312120654309314623667437568
64 16 -12938291354426481186256161804210856701229793280
16 64 -12938291354426481186256161804210856701229793280
64 40 58560457195405175313245189874459612333081265677795328
40 64 58560457195405175313245189874459612333081265677795328
64 64 89529220878754588295059518474885547821277529133740457984
63 15 5536477122860682245169246115676327435206393856
15 63 5536477122860682245169246115676327435206393856
63 39 -411381811382496743536427881706622246465970352408231936
39 63 -411381811382496743536427881706622246465970352408231936
63 63 -5041192460184132781134698368916294370401269561656606720
62 14 -510716686090137828578111093787597412654645248
14 62 -510716686090137828578111093787597412654645248
62 38 303655518919892832529635635192803397227700857159548928
38 62 303655518919892832529635635192803397227700857159548928
62 62 -93582750916666356162430811335313706434654818118777438208
61 13 -624847535557889406904257876394261470725013504
13 61 -624847535557889406904257876394261470725013504
61 37 -13403650599136992018119964698381057865817754423001088
37 61 -13403650599136992018119964698381057865817754423001088
61 61 95430149883247248148221816618346943030006837801222406144
60 12 398377354267351628250936640998171511284039680
12 60 398377354267351628250936640998171511284039680
60 36 -154379826790206890030235897075349835152080499965427712
36 60 -154379826790206890030235897075349835152080499965427712
60 60 5944809706608559714378624801947048848155856526127398912
59 11 -136738790198624019283217764541195912004763648
11 59 -136738790198624019283217764541195912004763648
59 35 134529475218990018105280356679137860379451551110922240
35 59 134529475218990018105280356679137860379451551110922240
59 59 -101191119916990843281129453262745062753171975887143305216
58 10 33238162135463459942089079442884498280153088
10 58 33238162135463459942089079442884498280153088
58 34 -39190433623324499181584845135644691568362099484655616
34 58 -39190433623324499181584845135644691568362099484655616
58 58 88308473621913631924681310263736276003825482321767694336
57 9 -6290826160737528368354263905938589895098368
9 57 -6290826160737528368354263905938589895098368
57 33 -22800329286383513303410409723634380613758717867851776
33 57 -22800329286383513303410409723634380613758717867851776
57 57 14044914386583243299221904569908811890890653179622457344
56 8 953083764883678793824734477523503051440128
8 56 953083764883678793824734477523503051440128
56 32 29546517945900102607913760976459937401977462602072064
32 56 29546517945900102607913760976459937401977462602072064
56 56 -93305493330580188870847776352152114229209922949854789632
55 7 -110465974728345654660497173644420151508992
7 55 -110465974728345654660497173644420151508992
55 31 -12854053196162560069101742545677677562542134036267008
31 55 -12854053196162560069101742545677677562542134036267008
55 55 71488841922519765063421072459857807192396715931698462720
54 6 8831824854281306484662899187058674237440
6 54 8831824854281306484662899187058674237440
54 30 981991165424094623801409865049737776161233504829440
30 54 981991165424094623801409865049737776161233504829440
54 54 16291399625258707179633998594958871253475603688078704640
53 5 -435303855432634873901466918907214299136
5 53 -435303855432634873901466918907214299136
53 29 897655658255818380164289149116919345643366958235648
29 53 897655658255818380164289149116919345643366958235648
53 53 -73626891620250801273731603548510692650305068645474107392
52 4 12542447360219989333602002413721485312
4 52 12542447360219989333602002413721485312
52 28 784668556804712416331397559369744266527891536216064
28 52 784668556804712416331397559369744266527891536216064
52 52 51064232974169565002770469237251207547094532605708599296
51 3 -118653448161075354133790158869233664
3 51 -118653448161075354133790158869233664
51 27 -1333887672894691445228187800393109973601566412767232
27 51 -1333887672894691445228187800393109973601566412767232
51 51 13186697339763424029277174114303404443912689894679379968
50 2 45867223692936172720993031159808
2 50 45867223692936172720993031159808
50 26 579949773980980506047332788440676695955732464402432
26 50 579949773980980506047332788440676695955732464402432
50 50 -49667475685312478206166130473166311783335068686778105856
49 1 -32470991936211680489373696
1 49 -32470991936211680489373696
49 25 164655282370321543450193795621195359980390698713088
25 49 164655282370321543450193795621195359980390698713088
49 49 32430372750666628683272178461462961568750950932870594560
48 24 -350009440787955688935490308556735142879720875491328
24 48 -350009440787955688935490308556735142879720875491328
48 48 7721008948343339198527706347117411076801978671738912768
47 23 205668474330977409164082243245203851503581991534592
23 47 205668474330977409164082243245203851503581991534592
47 47 -28417277809484104075744823784451814883193557128740601856
46 22 -50349980876752727353264844751096866679607433101312
22 46 -50349980876752727353264844751096866679607433101312
46 46 18337683726992049538163931637596777668599643377963630592
45 21 -11552318117242029058986413960865246899930593755136
21 45 -11552318117242029058986413960865246899930593755136
45 45 2954665966839061394372592192953579921144044260656414720
44 20 14353412743575017433516390592859413510394707181568
20 44 14353412743575017433516390592859413510394707181568
44 44 -13496779369702941661889014404216953068207905237695987712
43 19 -4584434214672881128898316120272112306158823276544
19 43 -4584434214672881128898316120272112306158823276544
43 43 9057900292364777170244894195337444536280112416591708160
42 18 -412038917227375402856790983342292812107442290688
18 42 -412038917227375402856790983342292812107442290688
42 42 388373282266595359472876593120495309743410742231564288
41 17 1035241337288036951973210876912005639800044388352
17 41 1035241337288036951973210876912005639800044388352
41 41 -5160791673339579505506444873253412715857844619557470208
40 16 -491175958193240307675470972278699304130826993664
16 40 -491175958193240307675470972278699304130826993664
40 40 3793876516012703355754609805459826018389665763251191808
39 15 120529493899084092721944085726886266700293996544
15 39 120529493899084092721944085726886266700293996544
39 39 -371904107414513359301838276047616052539878454790717440
38 14 -7583601098329335606374242996783358750742282240
14 38 -7583601098329335606374242996783358750742282240
38 38 -1490023845326400083522866502004854527860715224806981632
37 13 -6163216375481697133595490206626767529024946176
13 37 -6163216375481697133595490206626767529024946176
37 37 1270152744096826457881928584483777242252872491894571008
36 12 2747138498647725314912588682217950526390140928
12 36 2747138498647725314912588682217950526390140928
36 36 -295788802344476631360842910410134238227732346471186432
35 11 -612682515057410644198448005785436824889458688
11 35 -612682515057410644198448005785436824889458688
35 35 -301358313093199362648488730092194733480555410695913472
34 10 78649957575347421124500805262499663256223744
10 34 78649957575347421124500805262499663256223744
34 34 329634446921462359606360531623084714426280503731552256
33 9 -3791954086716523863613627297209023436161024
9 33 -3791954086716523863613627297209023436161024
33 33 -122402460876351121700324857882550816657369156366106624
32 8 -517271673227141409841640340857617219846144
8 32 -517271673227141409841640340857617219846144
32 32 -28837586600694714993429449870781557711963574503473152
31 7 103218320588178010162293626631321569722368
7 31 103218320588178010162293626631321569722368
31 31 59511990237226888550535365770569439195201811196674048
30 6 -5909132182387723043811264537474247950336
6 30 -5909132182387723043811264537474247950336
30 30 -30866725511025757098669191772849157431321657631309824
29 5 -80366890405930942518467403585641512960
5 29 -80366890405930942518467403585641512960
29 29 2826987061072336838539535296931317764379338371760128
28 4 14771432793788678484562656262201802752
4 28 14771432793788678484562656262201802752
28 28 6856934332922495540773231519567764106322252000133120
27 3 187238171784485815790436357117050880
3 27 187238171784485815790436357117050880
27 27 -5272904276711724209366541760362903179318810208370688
26 2 276813330154448261719260261253120
2 26 276813330154448261719260261253120
26 26 1731735721989197700730881288913486758036504332730368
25 1 1847238652371153378951036928
1 25 1847238652371153378951036928
25 25 105910978676181354549520958752024414411925508587520
24 24 -434070323827622833614994447786032989860481839661056
23 23 241758940830390112076529602107079169989893362286592
22 22 -61044458675011181879974619685980136687900192407552
21 21 -9430583550530262005620130602985218648154470088704
20 20 18126324154526809100779979453049891378931456540672
19 19 -10669676282748566925039456863203492182831268888576
18 18 4342142428063749075150432649682776513870594834432
17 17 -1387509379090806320232510977504619649718636511232
16 16 364333433886804491717783892584638002344258174976
15 15 -80238920195900230038559920870938800009949216768
14 14 14964594264474239472841746194182048996346822656
13 13 -2372214533396377314766702691687254133007450112
12 12 319613079923549088618375322549179389243817984
11 11 -36493485809075923954385421388654050422030336
10 10 3512282850682408418920225555617364869906432
9 9 -282702944706428288251155900653176843403264
8 8 18827435949731610577122128126322344460288
7 7 -1022736701114883360173317502141330358272
6 6 44449400854644609581261178307933634560
5 5 -1504585044660020188076379174999162880
4 4 38128424464225626787344436590280704
3 3 -679074484430073920556464391323648
2 2 7566289520112244240183447257088
1 1 -39614081257132168796771975168
