# Weber-f modular polynomial Phi_131^f(X,Y); r=q^(1/48).
132 0 1
0 132 1
131 11 44540
11 131 44540
131 35 -280864
35 131 -280864
131 59 80041
59 131 80041
131 83 -5502
83 131 -5502
131 107 131
107 131 131
131 131 -1
130 22 543758468
22 130 543758468
130 46 5075583996
46 130 5075583996
130 70 1498947064
70 130 1498947064
130 94 37778697
94 130 37778697
130 118 57247
118 130 57247
129 9 -132047607
9 129 -132047607
129 33 1643102218013
33 129 1643102218013
129 57 -3956164198224
57 129 -3956164198224
129 81 183831878180
81 129 183831878180
129 105 -620828257
105 129 -620828257
129 129 1048
128 20 4407977272308
20 128 4407977272308
128 44 584712186465218
44 128 584712186465218
128 68 9592955931785
68 128 9592955931785
128 92 356806556401
92 128 356806556401
128 116 191061797
116 128 191061797
127 7 4603635536
7 127 4603635536
127 31 -6302622302991120
31 127 -6302622302991120
127 55 6293382513745104
55 127 6293382513745104
127 79 55260358969383
79 127 55260358969383
127 103 347821307273
103 127 347821307273
127 127 -388284
126 18 1316750563369659
18 126 1316750563369659
126 42 102789500909036616
42 126 102789500909036616
126 66 17531080899861803
66 126 17531080899861803
126 90 80208639123808
90 126 80208639123808
126 114 49540180265
114 126 49540180265
125 5 -9207271072
5 125 -9207271072
125 29 1054312257985558680
29 125 1054312257985558680
125 53 433208453695672770
53 125 433208453695672770
125 77 18550137242970780
77 125 18550137242970780
125 101 26054860859006
101 125 26054860859006
125 125 58720095
124 16 56818943187306800
16 124 56818943187306800
124 40 2418746653180333740
40 124 2418746653180333740
124 64 458651089555818568
64 124 458651089555818568
124 88 6694224923969528
88 124 6694224923969528
124 112 2785376718962
112 124 2785376718962
123 3 1056380856
3 123 1056380856
123 27 -29499929218935274693
27 123 -29499929218935274693
123 51 -5695654852483593412
51 123 -5695654852483593412
123 75 126706762161462261
75 123 126706762161462261
123 99 1096813249776955
99 123 1096813249776955
123 123 -2756371262
122 14 617241041376490176
14 122 617241041376490176
122 38 -136668965350612932544
38 122 -136668965350612932544
122 62 -10042814348428621586
62 122 -10042814348428621586
122 86 66835818806777694
86 122 66835818806777694
122 110 77774194082323
110 122 77774194082323
121 1 -1425280
1 121 -1425280
121 25 328445296760093704096
25 121 328445296760093704096
121 49 -110758403033933482068
49 121 -110758403033933482068
121 73 -877797394293507208
73 121 -877797394293507208
121 97 16800991520362066
97 121 16800991520362066
121 121 -47728519564
120 12 2123946449517761755
12 120 2123946449517761755
120 36 1908527074410695620602
36 120 1908527074410695620602
120 60 72916692315921610200
60 120 72916692315921610200
120 84 -171735237873947926
84 120 -171735237873947926
120 108 1199274489612942
108 120 1199274489612942
119 23 -2045825831156832246504
23 119 -2045825831156832246504
119 47 2734606287508440186120
47 119 2734606287508440186120
119 71 -18196465719078605900
71 119 -18196465719078605900
119 95 56406378009211929
95 119 56406378009211929
119 119 1107973853818
118 10 2468964165505960704
10 118 2468964165505960704
118 34 -10556043351087167670876
34 118 -10556043351087167670876
118 58 -622659147217207701752
58 118 -622659147217207701752
118 82 -671722504665638204
82 118 -671722504665638204
118 106 12964861525645403
106 118 12964861525645403
117 21 8002609294675625765394
21 117 8002609294675625765394
117 45 -30030294462547417052142
45 117 -30030294462547417052142
117 69 234033217411270505334
69 117 234033217411270505334
117 93 -343702503651573618
93 117 -343702503651573618
117 117 72900002649433
116 8 909103090996908800
8 116 909103090996908800
116 32 7101388772415920731988
32 116 7101388772415920731988
116 56 6408613170105437524662
56 116 6408613170105437524662
116 80 -10590547481074761205
80 116 -10590547481074761205
116 104 66000432140475828
104 116 66000432140475828
115 19 -23073661423411507369952
19 115 -23073661423411507369952
115 43 240236909480967223284544
43 115 240236909480967223284544
115 67 -1992976239105246708612
67 115 -1992976239105246708612
115 91 2647391606058975468
91 115 2647391606058975468
115 115 891783082198977
114 6 84272036055658176
6 114 84272036055658176
114 30 247658040620770014904659
30 114 247658040620770014904659
114 54 -55786181748075734546146
54 114 -55786181748075734546146
114 78 160306548419777978991
78 114 160306548419777978991
114 102 -41389967851950837
102 114 -41389967851950837
113 17 46147322846823014739904
17 113 46147322846823014739904
113 41 -1548973057268389967152320
41 113 -1548973057268389967152320
113 65 12416894612829807489420
65 113 12416894612829807489420
113 89 -3426458715957264306
89 113 -3426458715957264306
113 113 3695182102941358
112 4 1128442181710848
4 112 1128442181710848
112 28 -1721063779964430881003856
28 112 -1721063779964430881003856
112 52 403930388963343386321876
52 112 403930388963343386321876
112 76 -1760982483679125136756
76 112 -1760982483679125136756
112 100 1811427807767154488
100 112 1811427807767154488
111 15 -64020874357405006123152
15 111 -64020874357405006123152
111 39 8012054150839119477120840
39 111 8012054150839119477120840
111 63 -56509728330751957601490
63 111 -56509728330751957601490
111 87 -41170716048447813664
87 111 -41170716048447813664
111 111 -28570829426133709
110 2 556808671232
2 110 556808671232
110 26 6378920507531846977083584
26 110 6378920507531846977083584
110 50 -2437094433325964683404672
50 110 -2437094433325964683404672
110 74 10455307258623760675398
74 110 10455307258623760675398
110 98 8230076185025388492
98 110 8230076185025388492
109 13 65466426597018631888128
13 109 65466426597018631888128
109 37 -32742058983112651380057600
37 109 -32742058983112651380057600
109 61 225300449196762264000808
61 109 225300449196762264000808
109 85 -263174409203132194844
85 109 -263174409203132194844
109 109 25249462468864140
108 24 -15422715846512532584131961
24 108 -15422715846512532584131961
108 48 12056813323579965883159478
48 108 12056813323579965883159478
108 72 -36669456423124499868019
72 108 -36669456423124499868019
108 96 -48405583461059177082
96 108 -48405583461059177082
107 11 -42040997985291994124288
11 107 -42040997985291994124288
107 35 107057466791930514867166540
35 107 107057466791930514867166540
107 59 -863153301416152576007824
59 107 -863153301416152576007824
107 83 3903535515284426680187
83 107 3903535515284426680187
107 107 868569774216807792
106 22 25515682030127387908334336
22 106 25515682030127387908334336
106 46 -47896104900782007284865392
46 106 -47896104900782007284865392
106 70 32347955174333689072480
70 106 32347955174333689072480
106 94 82744320159945195516
94 106 82744320159945195516
105 9 15103963760094860642816
9 105 15103963760094860642816
105 33 -287849931052206945421338283
33 105 -287849931052206945421338283
105 57 3147740609342114678562136
57 105 3147740609342114678562136
105 81 -23468633905159987275515
81 105 -23468633905159987275515
105 105 -6946734037848256935
104 20 -27537020479430894096061696
20 104 -27537020479430894096061696
104 44 156299284991827611933578896
44 104 156299284991827611933578896
104 68 629495675440508764622130
68 104 629495675440508764622130
104 92 1282276450663355467832
92 104 1282276450663355467832
103 7 -2159231504354424176640
7 103 -2159231504354424176640
103 31 659745070914430913784877328
31 103 659745070914430913784877328
103 55 -10299007162656766379683904
55 103 -10299007162656766379683904
103 79 42009531625450818041360
79 103 42009531625450818041360
103 103 -13198454373100767922
102 18 15850114599729280953898176
18 102 15850114599729280953898176
102 42 -438947787436713054661714420
42 102 -438947787436713054661714420
102 66 -5134737566730124314444698
66 102 -5134737566730124314444698
102 90 -9985837579200954077883
90 102 -9985837579200954077883
101 5 51631081906103255040
5 101 51631081906103255040
101 29 -1319490141828861827569754656
29 101 -1319490141828861827569754656
101 53 36113079373488774925811104
53 101 36113079373488774925811104
101 77 305162599420406673145214
77 101 305162599420406673145214
101 101 169742005403336651564
100 16 1817955525738475707388928
16 100 1817955525738475707388928
100 40 1113861381387257923932303040
40 100 1113861381387257923932303040
100 64 24023585829937778763974588
64 100 24023585829937778763974588
100 88 31446580684159771571948
88 100 31446580684159771571948
99 3 -53841173479849984
3 99 -53841173479849984
99 27 2302799448417655563370706264
27 99 2302799448417655563370706264
99 51 -141544797494436254445850988
51 99 -141544797494436254445850988
99 75 -2978457282661751536611468
75 99 -2978457282661751536611468
99 99 -872364175983813805499
98 14 -10809388391513259694977024
14 98 -10809388391513259694977024
98 38 -2594132147841976619501837568
38 98 -2594132147841976619501837568
98 62 -76337741067056470845720320
62 98 -76337741067056470845720320
98 86 -22457069470382792469844
86 98 -22457069470382792469844
97 1 36813406208
1 97 36813406208
97 25 -3425838937341776475749329280
25 97 -3425838937341776475749329280
97 49 548530905895941896477285248
49 97 548530905895941896477285248
97 73 13995639348516511548948500
73 97 13995639348516511548948500
97 97 918402301591864328088
96 12 7817326896786209261985792
12 96 7817326896786209261985792
96 36 5478659665527200440473362149
36 96 5478659665527200440473362149
96 60 171375584683871722136298978
60 96 171375584683871722136298978
96 84 -298509602143300832589249
84 96 -298509602143300832589249
95 23 4190983549838419376647372800
23 95 4190983549838419376647372800
95 47 -1804404133474888963790916320
47 95 -1804404133474888963790916320
95 71 -44895306673696300872421256
71 95 -44895306673696300872421256
95 95 2468248571552727310304
94 10 -2239184328304442286800896
10 94 -2239184328304442286800896
94 34 -10376528591367906478007350272
34 94 -10376528591367906478007350272
94 58 -217671715777234922429410992
58 94 -217671715777234922429410992
94 82 1560182501789307738115292
82 94 1560182501789307738115292
93 21 -4102171725229629172285870080
21 93 -4102171725229629172285870080
93 45 4945281871784016654534571608
45 93 4945281871784016654534571608
93 69 104811676810100954865440654
69 93 104811676810100954865440654
93 93 8999201274984361073814
92 8 158514980662826351984640
8 92 158514980662826351984640
92 32 17821782102196126782916848640
32 92 17821782102196126782916848640
92 56 -118698574344405269478661936
56 92 -118698574344405269478661936
92 80 -4859890577900377663650986
80 92 -4859890577900377663650986
91 19 3172296821285662652727951360
19 91 3172296821285662652727951360
91 43 -11445041712515941981682683520
43 91 -11445041712515941981682683520
91 67 -166812604765065697625718592
67 91 -166812604765065697625718592
91 91 -235677145030278795833144
90 6 26945650926298494664704
6 90 26945650926298494664704
90 30 -28092658395949635498349722880
30 90 -28092658395949635498349722880
90 54 1822769753254363215772296604
54 90 1822769753254363215772296604
90 78 10397353612278787939589716
78 90 10397353612278787939589716
89 17 -1968020762468083493146984448
17 89 -1968020762468083493146984448
89 41 22890083425031883963365367040
41 89 22890083425031883963365367040
89 65 62665334570774910089497280
65 89 62665334570774910089497280
89 89 1708170788430884684948328
88 4 613115165634952429568
4 88 613115165634952429568
88 28 40012616957907868654996197376
28 88 40012616957907868654996197376
88 52 -6807130028256869041293041728
52 88 -6807130028256869041293041728
88 76 -18430975782309428480794940
76 88 -18430975782309428480794940
87 15 984032688948753761964589056
15 87 984032688948753761964589056
87 39 -39562254974272133236276572864
39 87 -39562254974272133236276572864
87 63 807440048229251667626249336
63 87 807440048229251667626249336
87 87 -7847876788655009395700924
86 2 21288542256758784
2 86 21288542256758784
86 26 -49045611418400775459702161408
26 86 -49045611418400775459702161408
86 50 18876884479053888223376525056
50 86 18876884479053888223376525056
86 74 24751966609812643692978240
74 86 24751966609812643692978240
85 13 -358430315316306272075120640
13 85 -358430315316306272075120640
85 37 57740932271196446841309322240
37 85 57740932271196446841309322240
85 61 -4163845627633906724395155968
61 85 -4163845627633906724395155968
85 85 28590077359408436707581232
84 24 49384707373383540257421221888
24 84 49384707373383540257421221888
84 48 -41256995579860934409772898166
48 84 -41256995579860934409772898166
84 72 -13286274183687221570992402
72 84 -13286274183687221570992402
83 11 58069301609854917446467584
11 83 58069301609854917446467584
83 35 -70211955954680562749092511744
35 83 -70211955954680562749092511744
83 59 14001796860380316991737471160
59 83 14001796860380316991737471160
83 83 -86850952757986480853251488
82 22 -39929355195612605372902146048
22 82 -39929355195612605372902146048
82 46 75507537916215552893506100224
46 82 75507537916215552893506100224
82 70 -75202868993022226473054728
70 82 -75202868993022226473054728
81 9 11944653965195672891162624
9 81 11944653965195672891162624
81 33 72470936317151362276275705856
33 81 72470936317151362276275705856
81 57 -37910012701051536308231872350
57 81 -37910012701051536308231872350
81 81 238217143164969390529202262
80 20 26471981971101672165990465536
20 80 26471981971101672165990465536
80 44 -108914080452109904660688667648
44 80 -108914080452109904660688667648
80 68 406775375943716177259376984
68 80 406775375943716177259376984
79 7 -3634015900339150163804160
7 79 -3634015900339150163804160
79 31 -73959586556905011048061140992
31 79 -73959586556905011048061140992
79 55 87331229424914432240891369376
55 79 87331229424914432240891369376
79 79 -593119250467124819250794848
78 18 -14624012828167565356864897024
18 78 -14624012828167565356864897024
78 42 116657264208279245809426982656
42 78 116657264208279245809426982656
78 66 -1134122869857113991794308278
66 78 -1134122869857113991794308278
77 5 -211170875607449157500928
5 77 -211170875607449157500928
77 29 84369466676484230182370541568
29 77 84369466676484230182370541568
77 53 -174662458849828864481782738752
53 77 -174662458849828864481782738752
77 77 1377879157002835621195063184
76 16 6719917963456479257859981312
16 76 6719917963456479257859981312
76 40 -30386835032167748986537455616
40 76 -30386835032167748986537455616
76 64 2792379960125056724403810720
64 76 2792379960125056724403810720
75 3 530987370280566915072
3 75 530987370280566915072
75 27 -103145164286922413787124072448
27 75 -103145164286922413787124072448
75 51 303280101608412290465854978800
51 75 303280101608412290465854978800
75 75 -2931816272712556494434610206
74 14 -2611621751809723132289220608
14 74 -2611621751809723132289220608
74 38 -222895836955888560567716855808
38 74 -222895836955888560567716855808
74 62 -5418751879933009175986451840
62 74 -5418751879933009175986451840
73 1 -42971684667392
1 73 -42971684667392
73 25 113135229523217950442497507328
25 73 113135229523217950442497507328
73 49 -448057499532170143735599077120
49 73 -448057499532170143735599077120
73 73 5901943658584511713046034880
72 12 1223339096989757093393203200
12 72 1223339096989757093393203200
72 36 701954394865138573870280613888
36 72 701954394865138573870280613888
72 60 11655892572701138421257348398
60 72 11655892572701138421257348398
71 23 -118122321908472093868455624704
23 71 -118122321908472093868455624704
71 47 532972240337140060722579963904
47 71 532972240337140060722579963904
71 71 -11519593554521519659987393648
70 10 -673961862285944979722338304
10 70 -673961862285944979722338304
70 34 -1250717549642653218336281722880
34 70 -1250717549642653218336281722880
70 58 -21675007519732036703945807360
58 70 -21675007519732036703945807360
69 21 118509489788293129387879956480
21 69 118509489788293129387879956480
69 45 -413409304693376853824639660032
45 69 -413409304693376853824639660032
69 69 22963034490434204414187269420
68 8 123118214369812994754347008
8 68 123118214369812994754347008
68 32 1574409720950802269075838599168
32 68 1574409720950802269075838599168
68 56 44678079362000907590460971520
56 68 44678079362000907590460971520
67 19 -104160461484341025744208527360
19 67 -104160461484341025744208527360
67 43 -128338605200947015863290429440
43 67 -128338605200947015863290429440
67 67 -46293386534406604188474741568
66 6 18823854782109173701148672
6 66 18823854782109173701148672
66 30 -1346040644692901708285790912512
30 66 -1346040644692901708285790912512
66 54 -72583863670855295474835729792
54 66 -72583863670855295474835729792
65 17 66873185692672741527345168384
17 65 66873185692672741527345168384
65 41 1366528858235418194949886705664
41 65 1366528858235418194949886705664
65 65 92586773068813208376949483136
64 4 41201431998985781903360
4 64 41201431998985781903360
64 28 660074057370706918372414586880
28 64 660074057370706918372414586880
64 52 104134496241591341378400507904
52 64 104134496241591341378400507904
63 15 -31411406717470768819341361152
15 63 -31411406717470768819341361152
63 39 -3434469025713388089030759350272
39 63 -3434469025713388089030759350272
63 63 -183704275923473635313498155360
62 2 25751714473260875776
2 62 25751714473260875776
62 26 135677157779528489411459153920
26 62 135677157779528489411459153920
62 50 -77007737848854759908408041472
50 62 -77007737848854759908408041472
61 13 9769153145778466949221580800
13 61 9769153145778466949221580800
61 37 5884517636334721547949998866432
37 61 5884517636334721547949998866432
61 61 368626993744688629119596596736
60 24 -615211391013347129177726255104
24 60 -615211391013347129177726255104
60 48 -54420579056382859554784878592
48 60 -54420579056382859554784878592
59 11 1885055550502315241750134784
11 59 1885055550502315241750134784
59 35 -7337745762755024806975111168000
35 59 -7337745762755024806975111168000
59 59 -755448788298817499269892464640
58 22 701643792897194782333832527872
22 58 701643792897194782333832527872
58 46 405536220935170354265755484160
46 58 405536220935170354265755484160
57 9 -1088402799331061365066432512
9 57 -1088402799331061365066432512
57 33 6246277647248657558507813339136
33 57 6246277647248657558507813339136
57 57 1501089931628828925150520425472
56 20 -472710136014418513766159220736
20 56 -472710136014418513766159220736
56 44 -1207892428869430704917377187840
44 56 -1207892428869430704917377187840
55 7 -637377862358968847868887040
7 55 -637377862358968847868887040
55 31 -2559889422798818781599327322112
31 55 -2559889422798818781599327322112
55 55 -2821896513541807352207489400832
54 18 172127845699396724836830019584
18 54 172127845699396724836830019584
54 42 2725603865337210585635806511104
42 54 2725603865337210585635806511104
53 5 -7594925905239048009547776
5 53 -7594925905239048009547776
53 29 -1409605972278038943313187307520
29 53 -1409605972278038943313187307520
53 53 4858832899826686519302511394816
52 16 -45486055077951278306484551680
16 52 -45486055077951278306484551680
52 40 -5095964622612466409040496295936
40 52 -5095964622612466409040496295936
51 3 -101062643807405568163840
3 51 -101062643807405568163840
51 27 3149906722014340968628533329920
27 51 3149906722014340968628533329920
51 51 -7805899347229716988860899721216
50 14 -11540104758104494004592705536
14 50 -11540104758104494004592705536
50 38 6543879707984900603207921696768
38 50 6543879707984900603207921696768
49 1 12099025952047104
1 49 12099025952047104
49 25 -2095694672115140091189127020544
25 49 -2095694672115140091189127020544
49 49 11383728079894804018397379035136
48 12 -11801555683830190601232449536
12 48 -11801555683830190601232449536
48 36 -5008160073232221021329669750784
36 48 -5008160073232221021329669750784
47 23 565162740335787098809839910912
23 47 565162740335787098809839910912
47 47 -14989434478609530464544348962816
46 10 18371689982495484087826907136
10 46 18371689982495484087826907136
46 34 -1507068420926470847798985097216
34 46 -1507068420926470847798985097216
45 21 353653757961971422499163865088
21 45 353653757961971422499163865088
45 45 16458190503081430264212984168448
44 8 7360378142852405570702409728
8 44 7360378142852405570702409728
44 32 8441377225593220258771698188288
32 44 8441377225593220258771698188288
43 19 117732225009044828223185092608
19 43 117732225009044828223185092608
43 43 -14329175141197626715235023847424
42 6 352761325458863569902764032
6 42 352761325458863569902764032
42 30 -10722211456458976894126330478592
30 42 -10722211456458976894126330478592
41 17 -363854731767302882634441424896
17 41 -363854731767302882634441424896
41 41 7908012736872627795825113694208
40 4 6277007322073802595106816
4 40 6277007322073802595106816
40 28 5507335420030069239961220022272
28 40 5507335420030069239961220022272
39 15 188952449630314146335538806784
15 39 188952449630314146335538806784
39 39 -1207852348943104178858955374592
38 2 2658439464558482423808
2 38 2658439464558482423808
38 26 1421536596066872415574183378944
26 38 1421536596066872415574183378944
37 13 -124038937003713956755493879808
13 37 -124038937003713956755493879808
37 37 -1325130861652209967170215477248
36 24 -3326406366544762481405803364352
24 36 -3326406366544762481405803364352
35 11 -147783084278432545892338761728
11 35 -147783084278432545892338761728
35 35 -1972253924954093014403487105024
34 22 2262266115729439264181424488448
22 34 2262266115729439264181424488448
33 9 -38590685492113416351446466560
9 33 -38590685492113416351446466560
33 33 7493551212104937839943019921408
32 20 1991685937516775247088543858688
20 32 1991685937516775247088543858688
31 7 -3666895676744048216236883968
7 31 -3666895676744048216236883968
31 31 -5832290895718289661964218007552
30 18 -182035003705979099867982594048
18 30 -182035003705979099867982594048
29 5 -195805988728275198778802176
5 29 -195805988728275198778802176
29 29 1813981756486911370799228125184
28 16 1161091881227104088631382376448
16 28 1161091881227104088631382376448
27 3 1397980953443137262452736
3 27 1397980953443137262452736
27 27 3819007424840741087543065313280
26 14 912321023996979956576096878592
14 26 912321023996979956576096878592
25 1 -1179943102371069952
1 25 -1179943102371069952
25 25 -1910005132572310261840880861184
24 12 337565759033486710429766909952
12 24 337565759033486710429766909952
23 23 -222096620636878642313554821120
22 10 87565957872047624476061335552
10 22 87565957872047624476061335552
21 21 1005246693415638858778057637888
20 8 12544221553603717960042545152
8 20 12544221553603717960042545152
19 19 -520050648183525802502650855424
18 6 892436549525284799129845760
6 18 892436549525284799129845760
17 17 -502029244585828152725496397824
16 4 13767453404382997608660992
4 16 13767453404382997608660992
15 15 -164156212383647314971547664384
14 2 16500324343557042208768
2 14 16500324343557042208768
13 13 -9979741270381994413660307456
11 11 1719601143387006625699069952
9 9 397234962830014201634750464
7 7 -33849830139028496040591360
5 5 895321946989529942458368
3 3 -9666093894623805046784
1 1 36893488147419103232
