# Weber-f modular polynomial Phi_113^f(X,Y); r=q^(1/48).
114 0 1
0 114 1
113 17 -34126
17 113 -34126
113 41 34126
41 113 34126
113 65 -3729
65 113 -3729
113 89 113
89 113 113
113 113 -1
112 10 1352610
10 112 1352610
112 34 206023973
34 112 206023973
112 58 105073050
58 112 105073050
112 82 2877771
82 112 2877771
112 106 2825
106 112 2825
111 3 -83846
3 111 -83846
111 27 26447286592
27 111 26447286592
111 51 -71949609956
51 111 -71949609956
111 75 1768270443
75 111 1768270443
111 99 -2402832
99 111 -2402832
110 20 251838798881
20 110 251838798881
110 44 6382590868616
44 110 6382590868616
110 68 -103469110824
68 110 -103469110824
110 92 648411628
92 110 648411628
109 13 159782836652
13 109 159782836652
109 37 -150936960136446
37 109 -150936960136446
109 61 6083200462104
61 109 6083200462104
109 85 -50223794228
85 109 -50223794228
109 109 65540
108 6 2083631295
6 108 2083631295
108 30 1135774639879818
30 108 1135774639879818
108 54 -162662048945191
54 108 -162662048945191
108 78 2257077151492
78 108 2257077151492
108 102 171620897
102 108 171620897
107 23 -2475840356350334
23 107 -2475840356350334
107 47 2667168962433866
47 107 2667168962433866
107 71 -66588650348992
71 107 -66588650348992
107 95 4595251333
95 107 4595251333
106 16 963583351782706
16 106 963583351782706
106 40 -21114748396245411
40 106 -21114748396245411
106 64 1196286608107974
64 106 1196286608107974
106 88 -262337381976
88 106 -262337381976
105 9 -15395287853364
9 105 -15395287853364
105 33 85365971352308668
33 105 85365971352308668
105 57 -15501010844958664
57 105 -15501010844958664
105 81 20556573219984
81 105 20556573219984
105 105 -536729547
104 2 21641760
2 104 21641760
104 26 -109809579707232765
26 104 -109809579707232765
104 50 127732617316022314
50 104 127732617316022314
104 74 -655373456495151
74 104 -655373456495151
104 98 119124119750
98 104 119124119750
103 19 218006635994893568
19 103 218006635994893568
103 43 -681154791846578512
43 103 -681154791846578512
103 67 15264668917312316
67 103 15264668917312316
103 91 -1090317650106
91 103 -1090317650106
102 12 20349627400513303
12 102 20349627400513303
102 36 1907888640883030402
36 102 1907888640883030402
102 60 -198416454489297734
60 102 -198416454489297734
102 84 -34471899846444
84 102 -34471899846444
101 5 2556525386432
5 101 2556525386432
101 29 -3722842122573034892
29 101 -3722842122573034892
101 53 1639015473722553892
53 101 1639015473722553892
101 77 -2632039274503278
77 101 -2632039274503278
101 101 -126904148732
100 22 8311042384687603744
22 100 8311042384687603744
100 46 -8053985058146499174
46 100 -8053985058146499174
100 70 84328127014834750
70 100 84328127014834750
100 94 15302462846922
94 100 15302462846922
99 15 -414309823196411286
15 99 -414309823196411286
99 39 25518842333611386352
39 99 25518842333611386352
99 63 -1269321639481100930
63 99 -1269321639481100930
99 87 -61213843554857
87 99 -61213843554857
98 8 15417333628523296
8 98 15417333628523296
98 32 -69560609671497153795
32 98 -69560609671497153795
98 56 10571953734556599498
56 98 10571953734556599498
98 80 -5610293053811162
80 98 -5610293053811162
97 1 -8736256
1 97 -8736256
97 25 148973099972581795232
25 97 148973099972581795232
97 49 -53751900862429207052
49 97 -53751900862429207052
97 73 279487526660861364
73 97 279487526660861364
97 97 817769291618
96 18 -45047973850219658711
18 96 -45047973850219658711
96 42 202929273184961136652
42 96 202929273184961136652
96 66 -4745676704590452297
66 96 -4745676704590452297
96 90 -270813126418192
90 96 -270813126418192
95 11 3488106175918297088
11 95 3488106175918297088
95 35 -696207879173974649098
35 95 -696207879173974649098
95 59 41692871837687429346
59 95 41692871837687429346
95 83 -13301005870628894
83 95 -13301005870628894
94 4 64470732513536
4 94 64470732513536
94 28 1594304621369282789056
28 94 1594304621369282789056
94 52 -229758661634464249670
52 94 -229758661634464249670
94 76 627011465294698286
76 94 627011465294698286
93 21 -986666449497321581792
21 93 -986666449497321581792
93 45 1032802661914406088888
45 93 1032802661914406088888
93 69 -11719601876322923564
69 93 -11719601876322923564
93 93 271567592978956
92 14 132976678155001659904
14 92 132976678155001659904
92 38 -4244163886763658779313
38 92 -4244163886763658779313
92 62 108628508550510323776
62 92 108628508550510323776
92 86 -24895829570257983
86 92 -24895829570257983
91 7 -633815131225685504
7 91 -633815131225685504
91 31 11053503300462587150592
31 91 11053503300462587150592
91 55 -644351868724718769168
55 91 -644351868724718769168
91 79 1109262306065009300
79 91 1109262306065009300
90 24 -10552483642941996517372
24 90 -10552483642941996517372
90 48 3451952775625848102700
48 90 3451952775625848102700
90 72 -20006804520814819995
72 90 -20006804520814819995
89 17 2383569599561308723712
17 89 2383569599561308723712
89 41 -17051248476876361203104
41 89 -17051248476876361203104
89 65 196824063467348506354
65 89 196824063467348506354
89 89 -35569524483374182
88 10 -28111252405051587840
10 88 -28111252405051587840
88 34 52366700022493460996648
34 88 52366700022493460996648
88 58 -1199583188441454916733
58 88 -1199583188441454916733
88 82 1563169375453362356
82 88 1563169375453362356
87 3 108328085880832
3 87 108328085880832
87 27 -69099917493188697508664
27 87 -69099917493188697508664
87 51 7309826195359620762800
51 87 7309826195359620762800
87 75 -25500420586174554938
75 87 -25500420586174554938
86 20 25508873941908524624896
20 86 25508873941908524624896
86 44 -45171272108925913556963
44 86 -45171272108925913556963
86 68 240975479295273201896
68 86 240975479295273201896
85 13 -953047583378696932352
13 85 -953047583378696932352
85 37 172836483976724517811408
37 85 172836483976724517811408
85 61 -1480971875000978045154
61 85 -1480971875000978045154
85 85 1719028782165654472
84 6 4652132924947734528
6 84 4652132924947734528
84 30 -306398318139929003377028
30 84 -306398318139929003377028
84 54 8886178639864286214382
54 84 8886178639864286214382
84 78 -25835677892408771503
78 84 -25835677892408771503
83 23 176856052807401394409472
23 83 176856052807401394409472
83 47 -71301135805818593094638
47 83 -71301135805818593094638
83 71 179854788999377575636
71 83 179854788999377575636
82 16 -17807516075903271371520
16 82 -17807516075903271371520
82 40 379931310350321425295368
40 82 379931310350321425295368
82 64 -992329195578572956005
64 82 -992329195578572956005
81 9 349659018659056304128
9 81 349659018659056304128
81 33 -947734150179818903317168
33 81 -947734150179818903317168
81 57 3751322094598854627204
57 81 3751322094598854627204
81 81 -23962774160450620632
80 2 13501987094528
2 80 13501987094528
80 26 837867200359895375946368
26 80 837867200359895375946368
80 50 -38932116497401577475545
50 80 -38932116497401577475545
80 74 36456296918241150300
74 80 36456296918241150300
79 19 -178229217068537510169088
19 79 -178229217068537510169088
79 43 451393746386085580156672
43 79 451393746386085580156672
79 67 313828870197593059168
67 79 313828870197593059168
78 12 7814711873056892526592
12 78 7814711873056892526592
78 36 -1940867708642528173152372
36 78 -1940867708642528173152372
78 60 -5700136280902244871738
60 78 -5700136280902244871738
77 5 -9891804619502125056
5 77 -9891804619502125056
77 29 2765383743627592284982528
29 77 2765383743627592284982528
77 53 80914066508445934398796
53 77 80914066508445934398796
77 77 -50702921851946724040
76 22 -1086505955011496647504128
22 76 -1086505955011496647504128
76 46 -90966536333311111847680
46 76 -90966536333311111847680
76 70 1889709758132879760396
70 76 1889709758132879760396
75 15 104525178198472238497792
15 75 104525178198472238497792
75 39 -2008885243378139526517144
39 75 -2008885243378139526517144
75 63 -10524899538991595455456
63 75 -10524899538991595455456
74 8 -1383776150896339255296
8 74 -1383776150896339255296
74 32 6078900965605142804725888
32 74 6078900965605142804725888
74 56 189562921697509190835481
56 74 189562921697509190835481
73 1 35783704576
1 73 35783704576
73 25 -4365119610080348467994624
25 73 -4365119610080348467994624
73 49 -1302459973880094502502560
49 73 -1302459973880094502502560
73 73 2663604994390334311384
72 18 831198302965600815726592
18 72 831198302965600815726592
72 42 1274092490211732569495028
42 72 1274092490211732569495028
72 66 -8031780636982876922360
66 72 -8031780636982876922360
71 11 -44640160438457369362432
11 71 -44640160438457369362432
71 35 7222299942177369282506752
35 71 7222299942177369282506752
71 59 128742644654812705705590
59 71 128742644654812705705590
70 4 6692631602649890816
4 70 6692631602649890816
70 28 -11563845659885033870582528
28 70 -11563845659885033870582528
70 52 -2054163340214651834461408
52 70 -2054163340214651834461408
69 21 4230359703201407340085248
21 69 4230359703201407340085248
69 45 7808727274517856076386784
45 69 7808727274517856076386784
69 69 -5517658173283796981744
68 14 -527825964770688969867264
14 68 -527825964770688969867264
68 38 -1455464581332977789562880
38 68 -1455464581332977789562880
68 62 -81069316753732969970125
62 68 -81069316753732969970125
67 7 2796729361953053474816
7 67 2796729361953053474816
67 31 -18253090766289559832227328
31 67 -18253090766289559832227328
67 55 -917908872878345392225536
55 67 -917908872878345392225536
66 24 14139198568963473828659200
24 66 14139198568963473828659200
66 48 11268213397375927568238814
48 66 11268213397375927568238814
65 17 -3522684574920160513359872
17 65 -3522684574920160513359872
65 41 -20839359582081512040040960
41 65 -20839359582081512040040960
65 65 -201892390426487711820196
64 10 133937356934765413924864
10 64 133937356934765413924864
64 34 -9966621823334803833739520
34 64 -9966621823334803833739520
64 58 1617995157503222014329340
58 64 1617995157503222014329340
63 3 -1207114147347562496
3 63 -1207114147347562496
63 27 29941048096193006644428800
27 63 29941048096193006644428800
63 51 4214175380635514674846188
51 63 4214175380635514674846188
62 20 -15057463648876249066373120
20 62 -15057463648876249066373120
62 44 -32866613443434429351382528
44 62 -32866613443434429351382528
61 13 1718632289374100669857792
13 61 1718632289374100669857792
61 37 20714001026162159206091776
37 61 20714001026162159206091776
61 61 2989273530776479077701896
60 6 -2729016330156041568256
6 60 -2729016330156041568256
60 30 36397787708884116334108672
30 60 36397787708884116334108672
60 54 -10219206056426796558096094
54 60 -10219206056426796558096094
59 23 -42228244068743169256194048
23 59 -42228244068743169256194048
59 47 -14686541966053526275608576
47 59 -14686541966053526275608576
58 16 11085496959166420875214848
16 58 11085496959166420875214848
58 40 48528107954562352853883136
40 58 48528107954562352853883136
57 9 -260063807164214016999424
9 57 -260063807164214016999424
57 33 15365415299476908553027584
33 57 15365415299476908553027584
57 57 -17889714863156249980576312
56 2 28205332090060800
2 56 28205332090060800
56 26 -78615883837699189423013888
26 56 -78615883837699189423013888
56 50 25887922520051552229269440
50 56 25887922520051552229269440
55 19 43718144780074933913911296
19 55 43718144780074933913911296
55 43 32958117031632052660631040
43 55 32958117031632052660631040
54 12 -3328875714921117771628544
12 54 -3328875714921117771628544
54 36 -23347758206575594994638848
36 54 -23347758206575594994638848
53 5 1632946689984297959424
5 53 1632946689984297959424
53 29 -97056972800064097167212544
29 53 -97056972800064097167212544
53 53 47828376492423665243230336
52 22 113905246981859913263742976
22 52 113905246981859913263742976
52 46 -20753745088955640312352000
46 52 -20753745088955640312352000
51 15 -21295683319048558220410880
15 51 -21295683319048558220410880
51 39 -43109988511709574985547776
39 51 -43109988511709574985547776
50 8 321125741154157297926144
8 50 321125741154157297926144
50 32 -65033286161437357244743680
32 50 -65033286161437357244743680
49 1 -16015933046784
1 49 -16015933046784
49 25 206384989174338427398651904
25 49 206384989174338427398651904
49 49 -51684451949180854225970176
48 18 -79619243139082209724465152
18 48 -79619243139082209724465152
48 42 -32898173489081863873986560
42 48 -32898173489081863873986560
47 11 4097578361507757839876096
11 47 4097578361507757839876096
47 35 20567088837269458725634048
35 47 20567088837269458725634048
46 4 -444396447135279611904
4 46 -444396447135279611904
46 28 252681104177520392951300096
28 46 252681104177520392951300096
45 21 -196622292113074974384717824
21 45 -196622292113074974384717824
45 45 -22600327877770432437223424
44 14 22636659228853084880896000
14 44 22636659228853084880896000
44 38 123844018708996407977312256
38 44 123844018708996407977312256
43 7 -285996075533699626565632
7 43 -285996075533699626565632
43 31 188591415229811340750094336
31 43 188591415229811340750094336
42 24 -335658480915486731057233920
24 42 -335658480915486731057233920
41 17 75024361665520477598121984
17 41 75024361665520477598121984
41 41 174562016912364949430861824
40 10 -2814807562313152327581696
10 40 -2814807562313152327581696
40 34 38227197997341632416972800
34 40 38227197997341632416972800
39 3 121514619570694914048
3 39 121514619570694914048
39 27 -427826064265097121898692608
27 39 -427826064265097121898692608
38 20 168312108603610508784828416
20 38 168312108603610508784828416
37 13 -11304522605779145654796288
13 37 -11304522605779145654796288
37 37 -53165866983826888106967040
36 6 155105160803311641690112
6 36 155105160803311641690112
36 30 -433450748507366719800475648
30 36 -433450748507366719800475648
35 23 297765332952172337089740800
23 35 297765332952172337089740800
34 16 -24096025187094908949757952
16 34 -24096025187094908949757952
33 9 1412636955162571098292224
9 33 1412636955162571098292224
33 33 -402028638049098719677120512
32 2 3164142676576567296
2 32 3164142676576567296
32 26 419610084105058530766094336
26 32 419610084105058530766094336
31 19 -57127385218255106682650624
19 31 -57127385218255106682650624
30 12 -2368890919543430430326784
12 30 -2368890919543430430326784
29 5 -55221645744715153276928
5 29 -55221645744715153276928
29 29 461448275017762125729759232
28 22 -106926773811047771267923968
22 28 -106926773811047771267923968
27 15 -4206583298089139151306752
15 27 -4206583298089139151306752
26 8 -288443001882926043365376
8 26 -288443001882926043365376
25 1 1987917023019008
1 25 1987917023019008
25 25 -152769944390363407420751872
24 18 -18610136340698372151181312
18 24 -18610136340698372151181312
23 11 -1198816934260951278944256
11 23 -1198816934260951278944256
22 4 11406977993138658869248
4 22 11406977993138658869248
21 21 18661982887968883779567616
20 14 16825235833800971331305472
14 20 16825235833800971331305472
19 7 80840516370986621206528
7 19 80840516370986621206528
17 17 899146844972133612781568
16 10 2095653677019290402816000
10 16 2095653677019290402816000
15 3 -676337081239618977792
3 15 -676337081239618977792
13 13 -2232521394301582822080512
12 6 48306987986136892178432
6 12 48306987986136892178432
9 9 -151075936741745944952832
8 2 12722668947321651200
2 8 12722668947321651200
5 5 295165919577862307840
1 1 -72057594037927936
