# Weber-f modular polynomial Phi_149^f(X,Y); r=q^(1/48).
150 0 1
0 150 1
149 5 -12665
5 149 -12665
149 29 1284380
29 149 1284380
149 53 -1040467
53 149 -1040467
149 77 153172
77 149 153172
149 101 -7599
101 149 -7599
149 125 149
125 149 149
149 149 -1
148 10 60429334
10 148 60429334
148 34 33439779152
34 148 33439779152
148 58 105059512451
58 148 105059512451
148 82 21152381955
82 148 21152381955
148 106 498032500
106 148 498032500
148 130 1023779
130 148 1023779
147 15 -135047721354
15 147 -135047721354
147 39 98563410317198
39 147 98563410317198
147 63 -228187843346269
63 147 -228187843346269
147 87 15379605854164
87 147 15379605854164
147 111 -114103894550
111 147 -114103894550
147 135 15165369
135 147 15165369
146 20 143277116050461
20 146 143277116050461
146 44 45516646895911686
44 146 45516646895911686
146 68 14077317100664755
68 146 14077317100664755
146 92 -209467320121835
92 146 -209467320121835
146 116 1829891487080
116 146 1829891487080
146 140 11489986
140 146 11489986
145 1 50660
1 145 50660
145 25 -65304587147628409
25 145 -65304587147628409
145 49 2617762382571929084
49 145 2617762382571929084
145 73 -34126859029541484
73 145 -34126859029541484
145 97 2245772362129686
97 145 2245772362129686
145 121 -6996952488426
121 145 -6996952488426
145 145 370265
144 6 50360262809
6 144 50360262809
144 30 10100168117825772918
30 144 10100168117825772918
144 54 8078915017510539246
54 144 8078915017510539246
144 78 670025497337137599
78 144 670025497337137599
144 102 -3116277795685772
102 144 -3116277795685772
144 126 9524510965216
126 144 9524510965216
143 11 788793088217856
11 143 788793088217856
143 35 -324715638208623565890
35 143 -324715638208623565890
143 59 90859738311754750180
59 143 90859738311754750180
143 83 -375990490529315000
83 143 -375990490529315000
143 107 -12867942311649654
107 143 -12867942311649654
143 131 -4728730428074
131 143 -4728730428074
142 16 1598132927671333626
16 142 1598132927671333626
142 40 613193903797991800128
40 142 613193903797991800128
142 64 55759278922945992251
64 142 55759278922945992251
142 88 686114864060562398
88 142 686114864060562398
142 112 32491122947649973
112 142 32491122947649973
142 136 723166295281
136 142 723166295281
141 21 503553836793796990984
21 141 503553836793796990984
141 45 -9695051873495563205388
45 141 -9695051873495563205388
141 69 598519793717783571412
69 141 598519793717783571412
141 93 -9520160264998666425
93 141 -9520160264998666425
141 117 -20381670385057100
117 141 -20381670385057100
141 141 -21327644993
140 2 966869344
2 140 966869344
140 26 17580847840427252828929
26 140 17580847840427252828929
140 50 25952361604454846789096
50 140 25952361604454846789096
140 74 316489625197156028295
74 140 316489625197156028295
140 98 9275348535612900889
98 140 9275348535612900889
140 122 136144122805447
122 140 136144122805447
139 7 -3155172352871424
7 139 -3155172352871424
139 31 38178185478799150016116
31 139 38178185478799150016116
139 55 -73167826803788077339214
55 139 -73167826803788077339214
139 79 -448400025951033328766
79 139 -448400025951033328766
139 103 1165592200031308605
103 139 1165592200031308605
139 127 3245107572478226
127 139 3245107572478226
138 12 56442148733328632940
12 138 56442148733328632940
138 36 539495840352361997585122
36 138 539495840352361997585122
138 60 225037971027786322707563
60 138 225037971027786322707563
138 84 145451619617627630783
84 138 145451619617627630783
138 108 3955512863477487861
108 138 3955512863477487861
138 132 -623720884021116
132 138 -623720884021116
137 17 -32342869187842799324388
17 137 -32342869187842799324388
137 41 -222029159551754175958540
41 137 -222029159551754175958540
137 65 -361257415536789911943109
65 137 -361257415536789911943109
137 89 1193677294007026467504
89 137 1193677294007026467504
137 113 -3660230267391417261
113 137 -3660230267391417261
137 137 40934812367256
136 22 349287748520910119081534
22 136 349287748520910119081534
136 46 3975024836774255088391424
46 136 3975024836774255088391424
136 70 455607356902987752239779
70 136 455607356902987752239779
136 94 667838442440387757980
94 136 667838442440387757980
136 118 844223871550357249
118 136 844223871550357249
135 3 8643054166656
3 135 8643054166656
135 27 -226836543331864970983670
27 135 -226836543331864970983670
135 51 -2218372681670599202781242
51 135 -2218372681670599202781242
135 75 -532480708894782693618949
75 135 -532480708894782693618949
135 99 1163310283561894439120
99 135 1163310283561894439120
135 123 -663527693902125476
123 135 -663527693902125476
134 8 25570126842741338016
8 134 25570126842741338016
134 32 25853201572429402401012874
32 134 25853201572429402401012874
134 56 2314036787834818134327982
56 134 2314036787834818134327982
134 80 617455853976094590113259
80 134 617455853976094590113259
134 104 -680510277428519005262
104 134 -680510277428519005262
134 128 123181861227498406
128 134 123181861227498406
133 13 129371476751371197297552
13 133 129371476751371197297552
133 37 -11758469685142995084090462
37 133 -11758469685142995084090462
133 61 1606876565315480417173840
61 133 1606876565315480417173840
133 85 -386789627210758626391253
85 133 -386789627210758626391253
133 109 589925815535682707240
109 133 589925815535682707240
133 133 -26502317963446209
132 18 2546622151794255494885948
18 132 2546622151794255494885948
132 42 29768596125100666789810258
42 132 29768596125100666789810258
132 66 -154559868003331984946077
66 132 -154559868003331984946077
132 90 332589033436340033090571
90 132 332589033436340033090571
132 114 -20219072996888908743
114 132 -20219072996888908743
131 23 -21069270006499823571553088
23 131 -21069270006499823571553088
131 47 -13817677179447126699880530
47 131 -13817677179447126699880530
131 71 9382358729788706566099336
71 131 9382358729788706566099336
131 95 -181241869996137947959112
95 131 -181241869996137947959112
131 119 135013618260880341722
119 131 135013618260880341722
130 4 36678941708918016
4 130 36678941708918016
130 28 390962103293423422263873714
28 130 390962103293423422263873714
130 52 84839819120112761639947728
52 130 84839819120112761639947728
130 76 -1649818501081086731832001
76 130 -1649818501081086731832001
130 100 92869316215031306843969
100 130 92869316215031306843969
130 124 2789361552341478438
124 130 2789361552341478438
129 9 -32227445554803007422976
9 129 -32227445554803007422976
129 33 114910432703890380196063504
33 129 114910432703890380196063504
129 57 -17702130989234386937749488
57 129 -17702130989234386937749488
129 81 5673139215289665668769856
81 129 5673139215289665668769856
129 105 -19504821679193329414044
105 129 -19504821679193329414044
129 129 6040964216138375704
128 14 5588603976334561905304544
14 128 5588603976334561905304544
128 38 -641610952474345912062708630
38 128 -641610952474345912062708630
128 62 234246051644955060149361250
62 128 234246051644955060149361250
128 86 -2089428860182127332778013
86 128 -2089428860182127332778013
128 110 13283697167088022034578
110 128 13283697167088022034578
127 19 84277080025999294286212352
19 127 84277080025999294286212352
127 43 1587213459042477878887466836
43 127 1587213459042477878887466836
127 67 -3185066166154333051203914
67 127 -3185066166154333051203914
127 91 2755260511841718212172690
91 127 2755260511841718212172690
127 115 -5194657873323223451237
115 127 -5194657873323223451237
126 24 2121830328250697147413895018
24 126 2121830328250697147413895018
126 48 -1328188769356923678536553146
48 126 -1328188769356923678536553146
126 72 108443117370481543353553376
72 126 108443117370481543353553376
126 96 -499846729731235086795301
96 126 -499846729731235086795301
126 120 239307766141261257006
120 126 239307766141261257006
125 5 66871897239171490816
5 125 66871897239171490816
125 29 -2019053046666801406730114066
29 125 -2019053046666801406730114066
125 53 5008302688426549862200928716
53 125 5008302688426549862200928716
125 77 -30677092850026346266479678
77 125 -30677092850026346266479678
125 101 939044558114163345087980
101 125 939044558114163345087980
125 125 -365267710504696351648
124 10 4500697047149376724205824
10 124 4500697047149376724205824
124 34 11966751878573231098525971834
34 124 11966751878573231098525971834
124 58 -3007701731965132350416373568
58 124 -3007701731965132350416373568
124 82 65753686184025322536736865
82 124 65753686184025322536736865
124 106 -441943169748694824251748
106 124 -441943169748694824251748
123 15 14517538773239358142954880
15 123 14517538773239358142954880
123 39 -18530085399599920362249945134
39 123 -18530085399599920362249945134
123 63 3502655659617467778656132048
63 123 3502655659617467778656132048
123 87 -10263325663414541851065539
87 123 -10263325663414541851065539
123 111 127227937876095294693116
111 123 127227937876095294693116
122 20 6255393652694774756221979424
20 122 6255393652694774756221979424
122 44 41418224249276768063436357533
44 122 41418224249276768063436357533
122 68 -1918614979565101115856713898
68 122 -1918614979565101115856713898
122 92 17215223553566247126916549
92 122 17215223553566247126916549
122 116 -14850780217715637063122
116 122 -14850780217715637063122
121 1 -21043281920
1 121 -21043281920
121 25 8076212186667205626920456264
25 121 8076212186667205626920456264
121 49 5226053878589783542010399611
49 121 5226053878589783542010399611
121 73 757327663425603288902797840
73 121 757327663425603288902797840
121 97 -12881604530774468259847488
97 121 -12881604530774468259847488
121 121 14421947175952476176308
120 6 41370288610614365872128
6 120 41370288610614365872128
120 30 23756707501443068162871575434
30 120 23756707501443068162871575434
120 54 -11279976961123786890926970888
54 120 -11279976961123786890926970888
120 78 45354122805541550825163956
78 120 45354122805541550825163956
120 102 1541570683060901458805510
102 120 1541570683060901458805510
119 11 -39094461930290329616502784
11 119 -39094461930290329616502784
119 35 12530248319552322871010448064
35 119 12530248319552322871010448064
119 59 3956345831716443163511019384
59 119 3956345831716443163511019384
119 83 -195151174205920372933938544
83 119 -195151174205920372933938544
119 107 -1093315282385745094662656
107 119 -1093315282385745094662656
118 16 6618419602541927014659295744
16 118 6618419602541927014659295744
118 40 186650672068791080822609196086
40 118 186650672068791080822609196086
118 64 25748461635085386906672064
64 118 25748461635085386906672064
118 88 -258649638511228458949218939
88 118 -258649638511228458949218939
118 112 485052201155743034006310
112 118 485052201155743034006310
117 21 -7354267693048984332548064256
21 117 -7354267693048984332548064256
117 45 98688258097801773539349205608
45 117 98688258097801773539349205608
117 69 -7704003790207196721459745904
69 117 -7704003790207196721459745904
117 93 -1875546967847761348025268
93 117 -1875546967847761348025268
117 117 -258338121729147471906070
116 2 2191509366505472
2 116 2191509366505472
116 26 191468030057171697576415549344
26 116 191468030057171697576415549344
116 50 -119458574856236641191577409623
50 116 -119458574856236641191577409623
116 74 1298634234135841490203161010
74 116 1298634234135841490203161010
116 98 -33901568405589291399276903
98 116 -33901568405589291399276903
115 7 5320141016410088503541760
7 115 5320141016410088503541760
115 31 -50120993278209291484041792256
31 115 -50120993278209291484041792256
115 55 -9279374635840966994212064624
55 115 -9279374635840966994212064624
115 79 -7198839826478459655344342094
79 115 -7198839826478459655344342094
115 103 22047843913042934626852524
103 115 22047843913042934626852524
114 12 2209774962083274742108659712
12 114 2209774962083274742108659712
114 36 1393821576890519082430882720780
36 114 1393821576890519082430882720780
114 60 81009759359020303888314543848
60 114 81009759359020303888314543848
114 84 -1111131283735582441064771219
84 114 -1111131283735582441064771219
114 108 -2513334267017371948033898
108 114 -2513334267017371948033898
113 17 12040672957586426966108633088
17 113 12040672957586426966108633088
113 41 -234446862677080284474724058964
41 113 -234446862677080284474724058964
113 65 -98637116640437267664610437456
65 113 -98637116640437267664610437456
113 89 771467591550397102087812117
89 113 771467591550397102087812117
113 113 1189098999536976796938784
112 22 -164252403833432553488053409280
22 112 -164252403833432553488053409280
112 46 599193430516006972660411149858
46 112 599193430516006972660411149858
112 70 -25688937828878538418799382464
70 112 -25688937828878538418799382464
112 94 7136488093864580877797885
94 112 7136488093864580877797885
111 3 -25837806634191552512
3 111 -25837806634191552512
111 27 1185925465574394903183996488576
27 111 1185925465574394903183996488576
111 51 -498611016523578834077163176658
51 111 -498611016523578834077163176658
111 75 4420724689241352767338852960
75 111 4420724689241352767338852960
111 99 111431750519216008976814117
99 111 111431750519216008976814117
110 8 40186275679305190613188608
8 110 40186275679305190613188608
110 32 2986410753100657293161747137376
32 110 2986410753100657293161747137376
110 56 414488625008670791880747604760
56 110 414488625008670791880747604760
110 80 7368833112122014291691775846
80 110 7368833112122014291691775846
110 104 22376233787749185246977946
104 110 22376233787749185246977946
109 13 3637725750095940418904719360
13 109 3637725750095940418904719360
109 37 937787450708321137898896235856
37 109 937787450708321137898896235856
109 61 -497743546737700156117254518760
61 109 -497743546737700156117254518760
109 85 12727716414543111467157468208
85 109 12727716414543111467157468208
109 109 -19904547161667410374773630
108 18 121932169728412331171062816768
18 108 121932169728412331171062816768
108 42 2612298312914962033312674252796
42 108 2612298312914962033312674252796
108 66 -64387059180257635532748210040
66 108 -64387059180257635532748210040
108 90 2993184478952062094669230117
90 108 2993184478952062094669230117
107 23 -1625306582059497347980766040064
23 107 -1625306582059497347980766040064
107 47 159227264205128818714980528640
47 107 159227264205128818714980528640
107 71 461083197307534456814378128920
71 107 461083197307534456814378128920
107 95 -1635365709392517361068957948
95 107 -1635365709392517361068957948
106 4 47727663535527492059136
4 106 47727663535527492059136
106 28 10603065407814852624239707528448
28 106 10603065407814852624239707528448
106 52 -4898522978279381918917224365522
52 106 -4898522978279381918917224365522
106 76 69410930083812090043662970816
76 106 69410930083812090043662970816
106 100 126575831906725736662624637
100 106 126575831906725736662624637
105 9 2541499678325620920913231872
9 105 2541499678325620920913231872
105 33 -6316048518259313506518349158912
33 105 -6316048518259313506518349158912
105 57 968850678929154104499012561600
57 105 968850678929154104499012561600
105 81 46974380999360093579208102384
81 105 46974380999360093579208102384
105 105 -347807824729307574029038272
104 14 260507227702837581472820363264
14 104 260507227702837581472820363264
104 38 9587094888256111562566578397728
38 104 9587094888256111562566578397728
104 62 381819343730335009041225622104
62 104 381819343730335009041225622104
104 86 3659439492407473584391544842
86 104 3659439492407473584391544842
103 19 226388822908061723850842603520
19 103 226388822908061723850842603520
103 43 -636909056820515274859922114560
43 103 -636909056820515274859922114560
103 67 1672332413860248385811908590544
67 103 1672332413860248385811908590544
103 91 -16154430747011006790734587930
91 103 -16154430747011006790734587930
102 24 -5440261199285959387285721686016
24 102 -5440261199285959387285721686016
102 48 -31007488828334918288655631191705
48 102 -31007488828334918288655631191705
102 72 -305836874879450725490414111272
72 102 -305836874879450725490414111272
102 96 -2599743433524100663580446946
96 102 -2599743433524100663580446946
101 5 -10979691232270972444737536
5 101 -10979691232270972444737536
101 29 -5351479171675938347018649201664
29 101 -5351479171675938347018649201664
101 53 2763095635315282932795078675593
53 101 2763095635315282932795078675593
101 77 -298367332257878685237329929704
77 101 -298367332257878685237329929704
101 101 2716122063504081536330881154
100 10 27213023521752845426723127296
10 100 27213023521752845426723127296
100 34 -30581395163196580145043816863488
34 100 -30581395163196580145043816863488
100 58 5506442846533117728722926774876
58 100 5506442846533117728722926774876
100 82 -43838488677212514709145126816
82 100 -43838488677212514709145126816
99 15 581533088263857557413885902848
15 99 581533088263857557413885902848
99 39 31911105057509045380938443306112
39 99 31911105057509045380938443306112
99 63 -8090932426972050128051019027908
63 99 -8090932426972050128051019027908
99 87 -99684533771512808003013010820
87 99 -99684533771512808003013010820
98 20 5560062385855709946835614302208
20 98 5560062385855709946835614302208
98 44 -78376367652470110702675589848352
44 98 -78376367652470110702675589848352
98 68 -2507540279574111763373607363558
68 98 -2507540279574111763373607363558
98 92 -2048068544902532262112925302
92 98 -2048068544902532262112925302
97 1 69824558399488
1 97 69824558399488
97 25 -82056031247180592942300016082944
25 97 -82056031247180592942300016082944
97 49 -11052382541261131731180314702372
49 97 -11052382541261131731180314702372
97 73 -1385368690001063784352125796098
73 97 -1385368690001063784352125796098
97 97 21171668343624184538994648296
96 6 135541702294418099206619136
6 96 135541702294418099206619136
96 30 -46202785632763031105236872757248
30 96 -46202785632763031105236872757248
96 54 14291392557721177915647175057247
54 96 14291392557721177915647175057247
96 78 371175055244135634477869496692
78 96 371175055244135634477869496692
95 11 306888108634435547936174637056
11 95 306888108634435547936174637056
95 35 9502079627101150202073154174976
35 95 9502079627101150202073154174976
95 59 -30638586461280052370671204020992
59 95 -30638586461280052370671204020992
95 83 -788217445663187802119914250492
83 95 -788217445663187802119914250492
94 16 2426443438840682260021098053632
16 94 2426443438840682260021098053632
94 40 106109088002219722721471386818560
40 94 106109088002219722721471386818560
94 64 12738720061536146226407444732740
64 94 12738720061536146226407444732740
94 88 5791147597384073983938193856
88 94 5791147597384073983938193856
93 21 4640507426041859129409401782272
21 93 4640507426041859129409401782272
93 45 -62006443451465862687936803942400
45 93 -62006443451465862687936803942400
93 69 9041032286201033806901807138192
69 93 9041032286201033806901807138192
93 93 103455460756963587547786656504
92 2 28201698131921862656
2 92 28201698131921862656
92 26 -197112740706066913716887458152448
26 92 -197112740706066913716887458152448
92 50 88103085544529883659566828398016
50 92 88103085544529883659566828398016
92 74 294973643510019403860071414658
74 92 294973643510019403860071414658
91 7 -6097493821439139131183595520
7 91 -6097493821439139131183595520
91 31 -64820770106842204790964541587456
31 91 -64820770106842204790964541587456
91 55 122554345845120209482684816083968
55 91 122554345845120209482684816083968
91 79 -2339309513482144243617295932456
79 91 -2339309513482144243617295932456
90 12 3775510648134913137910489284608
12 90 3775510648134913137910489284608
90 36 331815974334547164726536371601408
36 90 331815974334547164726536371601408
90 60 136995860313624637046259515962136
60 90 136995860313624637046259515962136
90 84 -149040457100236206719548140708
84 90 -149040457100236206719548140708
89 17 -6739728805408980775673905807360
17 89 -6739728805408980775673905807360
89 41 509689391859404959864068627210240
41 89 509689391859404959864068627210240
89 65 34374555282209305153012171524152
65 89 34374555282209305153012171524152
89 89 1429048721868097009985117828280
88 22 245624787849660397151176622080000
22 88 245624787849660397151176622080000
88 46 97745751994965762314553759258624
46 88 97745751994965762314553759258624
88 70 -30087307270619114280402471689940
70 88 -30087307270619114280402471689940
87 3 245014831129249139654656
3 87 245014831129249139654656
87 27 -918200165234761473368033079590912
27 87 -918200165234761473368033079590912
87 51 517819675326211208195265217786112
51 87 517819675326211208195265217786112
87 75 7923217211955494814333635363652
75 87 7923217211955494814333635363652
86 8 14967767463912196293269651456
8 86 14967767463912196293269651456
86 32 1687451181716955916315660386304
32 86 1687451181716955916315660386304
86 56 203819520984578339622519115723840
56 86 203819520984578339622519115723840
86 80 409825499917838912150114991004
80 86 409825499917838912150114991004
85 13 24243574768249921197162077618176
13 85 24243574768249921197162077618176
85 37 1616070519036924193416977407279104
37 85 1616070519036924193416977407279104
85 61 -137498221128837220612048686096608
61 85 -137498221128837220612048686096608
85 85 4892491381598872410749854494348
84 18 -2593084290423389431149082181632
18 84 -2593084290423389431149082181632
84 42 -263729394402335275142136668323840
42 84 -263729394402335275142136668323840
84 66 -220154738749108846555966727605704
66 84 -220154738749108846555966727605704
83 23 13359135760965783733996781305856
23 83 13359135760965783733996781305856
83 47 -1712468391792894347071394396717056
47 83 -1712468391792894347071394396717056
83 71 31076727851509622721647823906432
71 83 31076727851509622721647823906432
82 4 60461616562776662584852480
4 82 60461616562776662584852480
82 28 -2011813620812455467660569632309248
28 82 -2011813620812455467660569632309248
82 52 -641930311570972611423643485070848
52 82 -641930311570972611423643485070848
82 76 18467145653659456927493478895924
76 82 18467145653659456927493478895924
81 9 -642655735006636673205155135488
9 81 -642655735006636673205155135488
81 33 2019558369580075377350343630258176
33 81 2019558369580075377350343630258176
81 57 -578626066316866163641715656844288
57 81 -578626066316866163641715656844288
81 81 -18154084239880639340603670333344
80 14 122301168607208265034900097204224
14 80 122301168607208265034900097204224
80 38 -1683550229553383893814436329160704
38 80 -1683550229553383893814436329160704
80 62 -481396916329905828486439547039040
62 80 -481396916329905828486439547039040
79 19 -629639435996603057680267350114304
19 79 -629639435996603057680267350114304
79 43 -7554387104686644540446771264225280
43 79 -7554387104686644540446771264225280
79 67 -124306911406038490886591295625728
67 79 -124306911406038490886591295625728
78 24 1819373603837920876855929356681216
24 78 1819373603837920876855929356681216
78 48 -1252707839506230171608736199770112
48 78 -1252707839506230171608736199770112
78 72 107906796123056743517983211666348
72 78 107906796123056743517983211666348
77 5 586294973788331886621229056
5 77 586294973788331886621229056
77 29 -3176462448016661577058160591503360
29 77 -3176462448016661577058160591503360
77 53 1418617538561089315176576815204352
53 77 1418617538561089315176576815204352
77 77 -79619393014114614288532510766588
76 10 1359312589745082693736275640320
10 76 1359312589745082693736275640320
76 34 1361716690693224126431269759221760
34 76 1361716690693224126431269759221760
76 58 75513252738564967388178282152448
58 76 75513252738564967388178282152448
75 15 571746807613496993530043460222976
15 75 571746807613496993530043460222976
75 39 -1158866452936485179841276270346240
39 75 -1158866452936485179841276270346240
75 63 -507085901565151668117352663273728
63 75 -507085901565151668117352663273728
74 20 -442869781654938009834872903827456
20 74 -442869781654938009834872903827456
74 44 4548914713972709133101496455397376
44 74 4548914713972709133101496455397376
74 68 295474330458551310839895662334784
68 74 295474330458551310839895662334784
73 1 -42103598762426368
1 73 -42103598762426368
73 25 2058704851987790468014092469665792
25 73 2058704851987790468014092469665792
73 49 4888450371713084378928413568270336
49 73 4888450371713084378928413568270336
73 73 318477572056458457154130043066352
72 6 46043801576786257183311396864
6 72 46043801576786257183311396864
72 30 760915914799096595168753925226496
30 72 760915914799096595168753925226496
72 54 1520333026279979558821353458450432
54 72 1520333026279979558821353458450432
71 11 7703453787940957777823944146944
11 71 7703453787940957777823944146944
71 35 30194122679557909246249395422232576
35 71 30194122679557909246249395422232576
71 59 2395452941805715705464111034834944
59 71 2395452941805715705464111034834944
70 16 2651952699551077830338972340977664
16 70 2651952699551077830338972340977664
70 40 7726781549376453257924995549495296
40 70 7726781549376453257924995549495296
70 64 104915327978966761510429437697024
64 70 104915327978966761510429437697024
69 21 -6091486848831054303535125017657344
21 69 -6091486848831054303535125017657344
69 45 -12314052132696252371227928791351296
45 69 -12314052132696252371227928791351296
69 69 1161861391352360917798634901334016
68 2 23257289914681739182080
2 68 23257289914681739182080
68 26 17650620734489737370696037108285440
26 68 17650620734489737370696037108285440
68 50 -2872999193949799363978535031013376
50 68 -2872999193949799363978535031013376
67 7 103351479067545961874063360000
7 67 103351479067545961874063360000
67 31 13096373609225418302052962733654016
31 67 13096373609225418302052962733654016
67 55 12914154629745668949932675080060928
55 67 12914154629745668949932675080060928
66 12 9995359190527083189103165964288
12 66 9995359190527083189103165964288
66 36 -18641689551589153499550936731746304
36 66 -18641689551589153499550936731746304
66 60 -610469712282567502723269184339968
60 66 -610469712282567502723269184339968
65 17 6644995197208959998801256541847552
17 65 6644995197208959998801256541847552
65 41 -53383911868383830599144437534687232
41 65 -53383911868383830599144437534687232
65 65 -5009911174757245348607851002212352
64 22 -8974028621800793497989274662862848
22 64 -8974028621800793497989274662862848
64 46 3837200425190659021226948524244992
46 64 3837200425190659021226948524244992
63 3 -67640221869060634030637056
3 63 -67640221869060634030637056
63 27 11020162018140740235287448189403136
27 63 11020162018140740235287448189403136
63 51 26131702420999453541141842708398080
51 63 26131702420999453541141842708398080
62 8 754391271024537923270997966848
8 62 754391271024537923270997966848
62 32 -69430733657996772498210866734301184
32 62 -69430733657996772498210866734301184
62 56 379528648942162672611373472546816
56 62 379528648942162672611373472546816
61 13 -328115516143229150216709551947776
13 61 -328115516143229150216709551947776
61 37 -51772313681763148270005099417305088
37 61 -51772313681763148270005099417305088
61 61 -23413534259086901411596170498539520
60 18 22855344345877295040952964015456256
18 60 22855344345877295040952964015456256
60 42 50217302531226199407678122226614272
42 60 50217302531226199407678122226614272
59 23 -47335015161281601798917170617384960
23 59 -47335015161281601798917170617384960
59 47 67756593499911253826405245093150720
47 59 67756593499911253826405245093150720
58 4 -3684988065808564471841423360
4 58 -3684988065808564471841423360
58 28 73938822155895935579560539276181504
28 58 73938822155895935579560539276181504
58 52 -2147555522539717669277322761469952
52 58 -2147555522539717669277322761469952
57 9 41870107638628316957683954483200
9 57 41870107638628316957683954483200
57 33 2013853222254524624145350060408832
33 57 2013853222254524624145350060408832
57 57 -27120228304673462694126985282584576
56 14 734296132939019225621212933652480
14 56 734296132939019225621212933652480
56 38 1915686435715109570180555535810560
38 56 1915686435715109570180555535810560
55 19 49819385875154952498491903052873728
19 55 49819385875154952498491903052873728
55 43 109747534981885970201615593554051072
43 55 109747534981885970201615593554051072
54 24 -34349205715331289079576627863617536
24 54 -34349205715331289079576627863617536
54 48 -43616457128815478038632491789582336
48 54 -43616457128815478038632491789582336
53 5 -158032180831972069879792533504
5 53 -158032180831972069879792533504
53 29 221304280718727066911339963631009792
29 53 221304280718727066911339963631009792
53 53 -88800413220336291708643409326505984
52 10 163173657065303656996635959885824
10 52 163173657065303656996635959885824
52 34 -145606127585112870167708376433164288
34 52 -145606127585112870167708376433164288
51 15 -5116292733950794760012454931988480
15 51 -5116292733950794760012454931988480
51 39 -119648931054015944528764763696529408
39 51 -119648931054015944528764763696529408
50 20 102110893042033143426812884438482944
20 50 102110893042033143426812884438482944
50 44 33977441156461272587967562589929472
44 50 33977441156461272587967562589929472
49 1 8555713392097099776
1 49 8555713392097099776
49 25 -258122602661574592099509525932933120
25 49 -258122602661574592099509525932933120
49 49 -182275866167094771266540162363949056
48 6 -877154219964587090412339986432
6 48 -877154219964587090412339986432
48 30 105935930691503247069573706793615360
30 48 105935930691503247069573706793615360
47 11 -82021259339483719836604531998720
11 47 -82021259339483719836604531998720
47 35 -378779074215328288264790215980220416
35 47 -378779074215328288264790215980220416
46 16 -11971663405659652527369182869716992
16 46 -11971663405659652527369182869716992
46 40 96105192326032956086415960903254016
40 46 96105192326032956086415960903254016
45 21 85783112935881885178545994859544576
21 45 85783112935881885178545994859544576
45 45 373455808126319020794954583143088128
44 2 2242938981418396549120000
2 44 2242938981418396549120000
44 26 -485921653954872527064505684693352448
26 44 -485921653954872527064505684693352448
43 7 14488015049942605165944002052096
7 43 14488015049942605165944002052096
43 31 300528216452081922442786027039883264
31 43 300528216452081922442786027039883264
42 12 1113377891126026121722723949346816
12 42 1113377891126026121722723949346816
42 36 -172715015692091903690774454550396928
36 42 -172715015692091903690774454550396928
41 17 -41512338797230259382330039059087360
17 41 -41512338797230259382330039059087360
41 41 341957516404204609554655377012817920
40 22 233689271921094255377776194195816448
22 40 233689271921094255377776194195816448
39 3 2055513027907609477460787200
3 39 2055513027907609477460787200
39 27 -559554388290917366667689550166360064
27 39 -559554388290917366667689550166360064
38 8 146327009199885390016972595396608
8 38 146327009199885390016972595396608
38 32 533320535249082811811050830755266560
32 38 533320535249082811811050830755266560
37 13 4121052917078549428197103044132864
13 37 4121052917078549428197103044132864
37 37 -326857044141928607076026252416516096
36 18 -5691163100910359202779199499665408
18 36 -5691163100910359202779199499665408
35 23 365541550978370036700990107568570368
23 35 365541550978370036700990107568570368
34 4 131857577909470892728915066880
4 34 131857577909470892728915066880
34 28 -261257688494786236472993700487626752
28 34 -261257688494786236472993700487626752
33 9 367163532605325717138735261286400
9 33 367163532605325717138735261286400
33 33 1136183074956037490480793020300001280
32 14 3802046313331466385827067282325504
14 32 3802046313331466385827067282325504
31 19 -152011820222410775295503715195158528
19 31 -152011820222410775295503715195158528
30 24 67359147901290624780377841714855936
24 30 67359147901290624780377841714855936
29 5 2016734247654681492880248274944
5 29 2016734247654681492880248274944
29 29 -1014854311368383575285137244539584512
28 10 9810217931764706491059134267392
10 28 9810217931764706491059134267392
27 15 11953052300030467298803037329424384
15 27 11953052300030467298803037329424384
26 20 12562167647726670567701651021365248
20 26 12562167647726670567701651021365248
25 1 -687141216745680797696
1 25 -687141216745680797696
25 25 411254881229856174175335403699044352
24 6 10981013512661243081984170786816
6 24 10981013512661243081984170786816
23 11 -935338576268167261081254068486144
11 23 -935338576268167261081254068486144
22 16 8876188549167455524192604982870016
16 22 8876188549167455524192604982870016
21 21 -108824336771037157116570664211316736
20 2 18885389201038291043876864
2 20 18885389201038291043876864
19 7 21807420000061022655567569616896
7 19 21807420000061022655567569616896
18 12 -719101220060337758814724964745216
12 18 -719101220060337758814724964745216
17 17 7638773075496367954121536617578496
15 3 -1119006722905474196324745216
3 15 -1119006722905474196324745216
14 8 13340063571781278432966366724096
8 14 13340063571781278432966366724096
13 13 -188778501861023019884882820071424
10 4 3391245298440091458145878016
4 10 3391245298440091458145878016
9 9 1573702435523215765837029834752
5 5 -437131756444932296262287360
1 1 18889465931478580854784
