# Weber-f modular polynomial Phi_101^f(X,Y); r=q^(1/48).
102 0 1
0 102 1
101 5 -1919
5 101 -1919
101 29 15756
29 101 15756
101 53 -2727
53 101 -2727
101 77 101
77 101 101
101 101 -1
100 10 1338755
10 100 1338755
100 34 31937412
34 100 31937412
100 58 7574899
58 100 7574899
100 82 79184
82 100 79184
99 15 -413564599
15 99 -413564599
99 39 6324495871
39 99 6324495871
99 63 -480541537
63 99 -480541537
99 87 689527
87 99 689527
98 20 55330621132
20 98 55330621132
98 44 74050174343
44 98 74050174343
98 68 2408068361
68 98 2408068361
98 92 551258
92 98 551258
97 1 7676
1 97 7676
97 25 -2751899973592
25 97 -2751899973592
97 49 -897865873019
49 97 -897865873019
97 73 -5975932549
73 97 -5975932549
97 97 35047
96 6 368400833
6 96 368400833
96 30 41756855838927
30 96 41756855838927
96 54 3260188909514
54 96 3260188909514
96 78 8248956537
78 96 8248956537
95 11 449243802036
11 95 449243802036
95 35 -253496132695455
35 95 -253496132695455
95 59 -5393737871765
59 95 -5393737871765
95 83 -4792949748
83 95 -4792949748
94 16 56440127628941
16 94 56440127628941
94 40 803060504863964
40 94 803060504863964
94 64 3732348541354
64 94 3732348541354
94 88 1307607812
88 94 1307607812
93 21 163789562936758
21 93 163789562936758
93 45 -1501820959968130
45 93 -1501820959968130
93 69 726255538193
69 93 726255538193
93 93 -147684624
92 2 21420080
2 92 21420080
92 26 -4256458701379604
26 92 -4256458701379604
92 50 1853492300772338
50 92 1853492300772338
92 74 -2713202745217
74 92 -2713202745217
91 7 -1796975208144
7 91 -1796975208144
91 31 20390994491725540
31 91 20390994491725540
91 55 -1760410637160215
55 91 -1760410637160215
91 79 1647599447517
79 91 1647599447517
90 12 1043498517363144
12 90 1043498517363144
90 36 -48089833126986027
36 90 -48089833126986027
90 60 1477334659835253
60 90 1477334659835253
90 84 -393671450534
84 90 -393671450534
89 17 -13573226491668832
17 89 -13573226491668832
89 41 69509831309066314
41 89 69509831309066314
89 65 -1042528085390895
65 89 -1042528085390895
89 89 27750863525
88 22 105478666356970635
22 88 105478666356970635
88 46 -74165776425758820
46 88 -74165776425758820
88 70 527267517168212
70 88 527267517168212
87 3 26468134336
3 87 26468134336
87 27 -384461126523430781
27 87 -384461126523430781
87 51 66412644124494791
51 87 66412644124494791
87 75 -160908515214687
75 87 -160908515214687
86 8 903042042063056
8 86 903042042063056
86 32 765629591630305448
32 86 765629591630305448
86 56 -48391111913549231
56 86 -48391111913549231
86 80 21701581198176
80 86 21701581198176
85 13 54292905966675328
13 85 54292905966675328
85 37 -1069770691256933880
37 85 -1069770691256933880
85 61 25210694988787342
61 85 25210694988787342
85 85 1015085550384
84 18 -578300272748493560
18 84 -578300272748493560
84 42 1172470095143846521
42 84 1172470095143846521
84 66 -7687325986251235
66 84 -7687325986251235
83 23 2553882452446363772
23 83 2553882452446363772
83 47 -980304763765317347
47 83 -980304763765317347
83 71 342163578485729
71 83 342163578485729
82 4 14164639009792
4 82 14164639009792
82 28 -5436717704901175067
28 82 -5436717704901175067
82 52 581317040704497364
52 82 581317040704497364
82 76 749910978050719
76 82 749910978050719
81 9 -10482532027952512
9 81 -10482532027952512
81 33 8501011223252015452
33 81 8501011223252015452
81 57 -213503494543293968
57 81 -213503494543293968
81 81 -258204506403218
80 14 1687658661711530160
14 80 1687658661711530160
80 38 -9371807808026468952
38 80 -9371807808026468952
80 62 16623960670964651
62 80 16623960670964651
79 19 -10215529809785455088
19 79 -10215529809785455088
79 43 7321759082935570900
43 79 7321759082935570900
79 67 27321952391552279
67 79 27321952391552279
78 24 25704747796753485628
24 78 25704747796753485628
78 48 -3766538287543492325
48 78 -3766538287543492325
78 72 -13230573684733164
72 78 -13230573684733164
77 5 2817945572958208
5 77 2817945572958208
77 29 -43298656067500178644
29 77 -43298656067500178644
77 53 925630047910724140
53 77 925630047910724140
77 77 1304853245630852
76 10 -1089653427553178624
10 76 -1089653427553178624
76 34 46449376052461204687
34 76 46449376052461204687
76 58 263395284894772232
58 76 263395284894772232
75 15 24605512097499569984
15 75 24605512097499569984
75 39 -36287655562817803327
39 75 -36287655562817803327
75 63 -278452723724893510
63 75 -278452723724893510
74 20 -86987483278418801072
20 74 -86987483278418801072
74 44 17055167883836888276
44 74 17055167883836888276
74 68 57473430126547787
68 74 57473430126547787
73 1 -258146304
1 73 -258146304
73 25 173194624270000714576
25 73 173194624270000714576
73 49 -2501392612611792264
49 73 -2501392612611792264
73 73 23816642876429786
72 6 171036081516244992
6 72 171036081516244992
72 30 -195334440853638303556
30 72 -195334440853638303556
72 54 -2377040882660200602
54 72 -2377040882660200602
71 11 -20880378359526952960
11 71 -20880378359526952960
71 35 145243177360593899604
35 71 145243177360593899604
71 59 1441483185049944962
59 71 1441483185049944962
70 16 196001175457358194688
16 70 196001175457358194688
70 40 -59087216325348259199
40 70 -59087216325348259199
70 64 63007894620774952
64 70 63007894620774952
69 21 -544064718288128988928
21 69 -544064718288128988928
69 45 -2231965407885397718
45 69 -2231965407885397718
69 69 -271620115652565980
68 2 2093050232832
2 68 2093050232832
68 26 743190016839379274992
26 68 743190016839379274992
68 50 16319756951337993076
50 68 16319756951337993076
67 7 4153280638082334720
7 67 4153280638082334720
67 31 -580972709442375598416
31 67 -580972709442375598416
67 55 -5652222910647282872
55 67 -5652222910647282872
66 12 -196975956488134766592
12 66 -196975956488134766592
66 36 213520427777983151416
36 66 213520427777983151416
66 60 -2224878762898307742
60 66 -2224878762898307742
65 17 1095445187847100293120
17 65 1095445187847100293120
65 41 55218553111969744800
41 65 55218553111969744800
65 65 1617270482811026940
64 22 -2399182798854776051712
22 64 -2399182798854776051712
64 46 -94064012052381424985
46 64 -94064012052381424985
63 3 -1657928645607424
3 63 -1657928645607424
63 27 2322409956020339412928
27 63 2322409956020339412928
63 51 18171375014043245171
51 63 18171375014043245171
62 8 52629373246764744704
8 62 52629373246764744704
62 32 -945395461205572147184
32 62 -945395461205572147184
62 56 17957416558573204144
56 62 17957416558573204144
61 13 -1138849076167742488576
13 61 -1138849076167742488576
61 37 -220874212447878979200
37 61 -220874212447878979200
61 61 -8217142118869967184
60 18 4802437509709195350016
18 60 4802437509709195350016
60 42 448612974228172386680
42 60 448612974228172386680
59 23 -7497481300926024601600
23 59 -7497481300926024601600
59 47 -50465242616230656644
47 59 -50465242616230656644
58 4 77647235611885568
4 58 77647235611885568
58 28 4366122978262243398656
28 58 4366122978262243398656
58 52 -105491428630545638263
52 58 -105491428630545638263
57 9 393693353729885470720
9 57 393693353729885470720
57 33 142845786104665453952
33 57 142845786104665453952
57 57 41668333240025624456
56 14 -4860528323838530027520
14 56 -4860528323838530027520
56 38 -1505024192838102799760
38 56 -1505024192838102799760
55 19 16061313249530959413248
19 55 16061313249530959413248
55 43 201860970464922626576
43 55 201860970464922626576
54 24 -15427740825778144563200
24 54 -15427740825778144563200
54 48 479660358004574337222
48 54 479660358004574337222
53 5 3765922422667083776
5 53 3765922422667083776
53 29 2561426035314475278336
29 53 2561426035314475278336
53 53 -187948924155083371482
52 10 1943527542774655090688
10 52 1943527542774655090688
52 34 4177857779542526227456
34 52 4177857779542526227456
51 15 -17409676181371562491904
15 51 -17409676181371562491904
51 39 -1162968000898767690944
39 51 -1162968000898767690944
50 20 38097193579609939247104
20 50 38097193579609939247104
50 44 -1687862858088730212208
44 50 -1687862858088730212208
49 1 183005872128
1 49 183005872128
49 25 -15165522704969304309760
25 49 -15165522704969304309760
49 49 751795696620333485928
48 6 54696893535720833024
6 48 54696893535720833024
48 30 -9736359455376181665792
30 48 -9736359455376181665792
47 11 7383697377083638415360
11 47 7383697377083638415360
47 35 5787876260502817660928
35 47 5787876260502817660928
46 16 -50741758565861798445056
16 46 -50741758565861798445056
46 40 4597098638994740260864
40 46 4597098638994740260864
45 21 55968660073557253947392
21 45 55968660073557253947392
45 45 -2666773327361639965184
44 2 2033371467218944
2 44 2033371467218944
44 26 17261873390863792996352
26 44 17261873390863792996352
43 7 361967621287926824960
7 43 361967621287926824960
43 31 -23617260503858298257408
31 43 -23617260503858298257408
42 12 24785562692342563995648
12 42 24785562692342563995648
42 36 -9113103412831468511232
36 42 -9113103412831468511232
41 17 -105741318834250703699968
17 41 -105741318834250703699968
41 41 8414353529722846396416
40 22 17431486184517429886976
22 40 17431486184517429886976
39 3 515977546446143488
3 39 515977546446143488
39 27 72994710808138484285440
27 39 72994710808138484285440
38 8 1001894682649295847424
8 38 1001894682649295847424
38 32 4129285381867107254272
32 38 4129285381867107254272
37 13 69962875498677959393280
13 37 69962875498677959393280
37 37 -26497359590375865384960
36 18 -128971928533749999861760
18 36 -128971928533749999861760
35 23 -114596574203697290018816
23 35 -114596574203697290018816
34 4 10342574857027321856
4 34 10342574857027321856
34 28 60265259468374972301312
28 34 60265259468374972301312
33 9 -779810946269453484032
9 33 -779810946269453484032
33 33 71203583597626256261120
32 14 141537296405036816924672
14 32 141537296405036816924672
31 19 -22962209054352113401856
19 31 -22962209054352113401856
30 24 -221972192512684194791424
24 30 -221972192512684194791424
29 5 102665739444227670016
5 29 102665739444227670016
29 29 -99894240483180957138944
28 10 -11653117058124435423232
10 28 -11653117058124435423232
27 15 172774202623749770969088
15 27 172774202623749770969088
26 20 201302695352450745892864
20 26 201302695352450745892864
25 1 -27762668601344
1 25 -27762668601344
25 25 -87567219000999441072128
24 6 566863976840646623232
6 24 566863976840646623232
23 11 -28305542975972733616128
11 23 -28305542975972733616128
22 16 93207581517654414852096
16 22 93207581517654414852096
21 21 277244977670410974789632
20 2 87063728733814784
2 20 87063728733814784
19 7 1317475994818012250112
7 19 1317475994818012250112
18 12 -27052896086598587777024
12 18 -27052896086598587777024
17 17 -17439036966165760966656
15 3 -3032571816662007808
3 15 -3032571816662007808
14 8 1437729993864733786112
8 14 1437729993864733786112
13 13 -7628099281640593817600
10 4 9697833294472675328
4 10 9697833294472675328
9 9 649523845326906064896
5 5 -2466213377194590208
1 1 1125899906842624
