# Weber-f modular polynomial Phi_83^f(X,Y); r=q^(1/48).
84 0 1
0 84 1
83 11 2241
11 83 2241
83 35 -1494
35 83 -1494
83 59 83
59 83 83
83 83 -1
82 22 1223503
22 82 1223503
82 46 564732
46 82 564732
82 70 5644
70 82 5644
81 9 -1312811
9 81 -1312811
81 33 114956992
33 81 114956992
81 57 -4943729
57 81 -4943729
81 81 249
80 20 1070616502
20 80 1070616502
80 44 241830211
44 80 241830211
80 68 2285488
68 80 2285488
79 7 24576300
7 79 24576300
79 31 -14750166135
31 79 -14750166135
79 55 -211273595
55 79 -211273595
79 79 -18675
78 18 68211355397
18 78 68211355397
78 42 13960193300
42 78 13960193300
78 66 107144119
66 78 107144119
77 5 -49152600
5 77 -49152600
77 29 -140938766441
29 77 -140938766441
77 53 -7595573605
53 77 -7595573605
77 77 307847
76 16 1087192360952
16 76 1087192360952
76 40 199185544222
40 76 199185544222
76 64 2278913570
64 76 2278913570
75 3 10502488
3 75 10502488
75 27 -1892299985415
27 75 -1892299985415
75 51 -141520501572
51 75 -141520501572
75 75 7764650
74 14 6754403992880
14 74 6754403992880
74 38 1933397576100
38 74 1933397576100
74 62 28502904753
62 74 28502904753
73 1 -71712
1 73 -71712
73 25 -16393671023428
25 73 -16393671023428
73 49 -1488770709998
49 73 -1488770709998
73 73 11747405
72 12 19406715316023
12 72 19406715316023
72 36 20711639118515
36 72 20711639118515
72 60 258559982828
60 72 258559982828
71 23 -80024262049986
23 71 -80024262049986
71 47 -11127470836353
47 71 -11127470836353
71 71 -1915258947
70 10 27017615971520
10 70 27017615971520
70 34 175313500638395
34 70 175313500638395
70 58 1729098072119
58 70 1729098072119
69 21 -207683848691674
21 69 -207683848691674
69 45 -72784713594193
45 69 -72784713594193
69 69 -28331582710
68 8 17395077775232
8 68 17395077775232
68 32 1069723467786286
32 68 1069723467786286
68 56 9015901679935
56 68 9015901679935
67 19 -200617880873304
19 67 -200617880873304
67 43 -424799085964440
43 67 -424799085964440
67 67 -217616886849
66 6 4365526745408
6 66 4365526745408
66 30 4805240424910009
30 66 4805240424910009
66 54 42937941721731
54 66 42937941721731
65 17 401235761746608
17 65 401235761746608
65 41 -2109091917283212
41 65 -2109091917283212
65 65 -1051720690377
64 4 274077824512
4 64 274077824512
64 28 16597342769714904
28 64 16597342769714904
64 52 210331151004146
52 64 210331151004146
63 15 1661470789533392
15 63 1661470789533392
63 39 -8483927340998260
39 63 -8483927340998260
63 63 -4171465803205
62 2 1252867072
2 62 1252867072
62 26 45499789117087216
26 62 45499789117087216
62 50 1033794211765340
50 62 1033794211765340
61 13 2560776385599552
13 61 2560776385599552
61 37 -26899394747080560
37 61 -26899394747080560
61 61 -18952668850056
60 24 100887245430341765
24 60 100887245430341765
60 48 4563211570361929
48 60 4563211570361929
59 11 2098389890998784
11 59 2098389890998784
59 35 -65050972025957201
35 59 -65050972025957201
59 59 -107721909462542
58 22 181999156468348864
22 58 181999156468348864
58 46 16892368165418470
46 58 16892368165418470
57 9 968857592532480
9 57 968857592532480
57 33 -110413674106613861
33 57 -110413674106613861
57 57 -583288805456714
56 20 265557484315438464
20 56 265557484315438464
56 44 51378959172394108
44 56 51378959172394108
55 7 288642593671168
7 55 288642593671168
55 31 -87398538259305964
31 55 -87398538259305964
55 55 -2595757221872482
54 18 307535387194240576
18 54 307535387194240576
54 42 129342142867957074
42 54 129342142867957074
53 5 120833360977920
5 53 120833360977920
53 29 174797076518611928
29 53 174797076518611928
53 53 -9291017588599174
52 16 273849207753289216
16 52 273849207753289216
52 40 277669642829133488
40 52 277669642829133488
51 3 -3766910713856
3 51 -3766910713856
51 27 883309392852910888
27 51 883309392852910888
51 51 -27052527893329178
50 14 179521024653716480
14 50 179521024653716480
50 38 542203788004115424
38 50 542203788004115424
49 1 195821568
1 49 195821568
49 25 2081631104830630432
25 49 2081631104830630432
49 49 -64518942741908312
48 12 84834873829437440
12 48 84834873829437440
48 36 1057244672181036419
36 48 1057244672181036419
47 23 3443122527626311680
23 47 3443122527626311680
47 47 -124438916041294236
46 10 31676785886822400
10 46 31676785886822400
46 34 2168815152016461696
34 46 2168815152016461696
45 21 4343770798591109120
21 45 4343770798591109120
45 45 -180558629200790380
44 8 13053823826132992
8 44 13053823826132992
44 32 4442714285266135808
32 44 4442714285266135808
43 19 4319420246596018176
19 43 4319420246596018176
43 43 -131992654819114704
42 6 3659580912435200
6 42 3659580912435200
42 30 8277897143549252736
30 42 8277897143549252736
41 17 3479954112220692480
17 41 3479954112220692480
41 41 263985309638229408
40 4 253577355329536
4 40 253577355329536
40 28 13153013548132891648
28 40 13153013548132891648
39 15 2385009495054516224
15 39 2385009495054516224
39 39 1444469033606323040
38 2 2368657686528
2 38 2368657686528
38 26 17297785001388513280
26 38 17297785001388513280
37 13 1458499857462460416
13 37 1458499857462460416
37 37 3982045313321415552
36 24 18690914592202461184
24 36 18690914592202461184
35 11 780544618003431424
11 35 780544618003431424
35 35 8258424670964263936
34 22 16937684365563330560
22 34 16937684365563330560
33 9 296790002912722944
9 33 296790002912722944
33 33 13850894281384539136
32 20 13784262312207712256
20 32 13784262312207712256
31 7 63716289507491840
7 31 63716289507491840
31 31 19028004021451108352
30 18 11255923794701451264
18 30 11255923794701451264
29 5 7089165476823040
5 29 7089165476823040
29 29 21264443161579372544
28 16 9453858119939522560
16 28 9453858119939522560
27 3 663536074227712
3 27 663536074227712
27 27 19113207577205604352
26 14 7252362960281010176
14 26 7252362960281010176
25 1 -44560285696
1 25 -44560285696
25 25 14119326117074305024
24 12 4337916680861646848
12 24 4337916680861646848
23 23 9936656846058160128
22 10 1912797558674030592
10 22 1912797558674030592
21 21 8748197852122972160
20 8 611741203347537920
8 20 611741203347537920
19 19 8822472597062025216
18 6 115045121765933056
6 18 115045121765933056
17 17 7302011031826464768
16 4 9816096215400448
4 16 9816096215400448
15 15 3802600661980282880
14 2 96963181674496
2 14 96963181674496
13 13 1028246817592049664
11 11 -25227360143933440
9 9 -66697835629772800
7 7 -10577542377373696
5 5 2566672456089600
3 3 -136889197658112
1 1 2199023255552
