# Weber-f modular polynomial Phi_139^f(X,Y); r=q^(1/48).
140 0 1
0 140 1
139 19 272718
19 139 272718
139 43 -533482
43 139 -533482
139 67 108837
67 139 108837
139 91 -6394
91 139 -6394
139 115 139
115 139 139
139 139 -1
138 14 67847290
14 138 67847290
138 38 12520762631
38 138 12520762631
138 62 14459866702
62 138 14459866702
138 86 1232295743
86 138 1232295743
138 110 10566919
110 138 10566919
138 134 2363
134 138 2363
137 9 260051903
9 137 260051903
137 33 -6316558970866
33 137 -6316558970866
137 57 28456809064174
57 137 28456809064174
137 81 -1997735535066
81 137 -1997735535066
137 105 14141867784
105 137 14141867784
137 129 -1938355
129 137 -1938355
136 4 11701020
4 136 11701020
136 28 341797777584267
28 136 341797777584267
136 52 5530221321174782
52 136 5530221321174782
136 76 -96755356611638
76 136 -96755356611638
136 100 1250128379372
100 136 1250128379372
136 124 648898287
124 136 648898287
135 23 -3178095562064932
23 135 -3178095562064932
135 47 276066590540257785
47 135 276066590540257785
135 71 -7332606990667715
71 135 -7332606990667715
135 95 7484215789340
95 135 7484215789340
135 119 -80474346070
119 135 -80474346070
134 18 5562432599458392
18 134 5562432599458392
134 42 5414809250014728810
42 134 5414809250014728810
134 66 -195301260757716936
66 134 -195301260757716936
134 90 1321649107025780
90 134 1321649107025780
134 114 2882615099097
114 134 2882615099097
133 13 -1467532531622476
13 133 -1467532531622476
133 37 49770087764360547289
37 133 49770087764360547289
133 61 -645400359456201304
61 133 -645400359456201304
133 85 27041845585608336
85 133 27041845585608336
133 109 -61018694150823
109 133 -61018694150823
133 133 56274984
132 8 28425647651082
8 132 28425647651082
132 32 228904716701794562306
32 132 228904716701794562306
132 56 42279006296362749780
56 132 42279006296362749780
132 80 156766138499478129
80 132 156766138499478129
132 104 538186397028660
104 132 538186397028660
132 128 43120890665
128 132 43120890665
131 3 -2080415224
3 131 -2080415224
131 27 513572964941555982796
27 131 513572964941555982796
131 51 654114804882132185306
51 131 654114804882132185306
131 75 4491852156423002926
75 131 4491852156423002926
131 99 17629020028600711
99 131 17629020028600711
131 123 2144846010621
123 131 2144846010621
130 22 493678488633779709982
22 130 493678488633779709982
130 46 3935063127206129938183
46 130 3935063127206129938183
130 70 132932484590951744120
70 130 132932484590951744120
130 94 89761762643423905
94 130 89761762643423905
130 118 21774479126274
118 130 21774479126274
129 17 150992092813159495382
17 129 150992092813159495382
129 41 9844633987987510745502
41 129 9844633987987510745502
129 65 1490904025786042548256
65 129 1490904025786042548256
129 89 4373513838467083535
89 129 4373513838467083535
129 113 2287615883775261
113 129 2287615883775261
128 12 7321912780121128505
12 128 7321912780121128505
128 36 1633861485218937211762
36 128 1633861485218937211762
128 60 8683465186587185323498
60 128 8683465186587185323498
128 84 98712977564856244847
84 128 98712977564856244847
128 108 32868812737265735
108 128 32868812737265735
127 7 11740260252979808
7 127 11740260252979808
127 31 -34791031236380958026008
31 127 -34791031236380958026008
127 55 34930484033875968999563
55 127 34930484033875968999563
127 79 927791942863895565029
79 127 927791942863895565029
127 103 991943634239119270
103 127 991943634239119270
127 127 -4727332890877
126 2 4342226560
2 126 4342226560
126 26 -48878262834659513141106
26 126 -48878262834659513141106
126 50 110991937967111004471197
50 126 110991937967111004471197
126 74 5275524222782088959720
74 126 5275524222782088959720
126 98 19011717877597082916
98 126 19011717877597082916
126 122 298176698739143
122 126 298176698739143
125 21 -13020297334512135014808
21 125 -13020297334512135014808
125 45 254329336686760202917082
45 125 254329336686760202917082
125 69 21905148678371678626596
69 125 21905148678371678626596
125 93 168276742366312868973
93 125 168276742366312868973
125 117 22256948602100051
117 125 22256948602100051
124 16 15332586108758225404111
16 124 15332586108758225404111
124 40 547118938246024523126929
40 124 547118938246024523126929
124 64 70712018405219190816608
64 124 70712018405219190816608
124 88 624738128410540739655
88 124 624738128410540739655
124 112 673758373976040163
112 124 673758373976040163
123 11 -1207936742505275963056
11 123 -1207936742505275963056
123 35 1304845225568964513537024
35 123 1304845225568964513537024
123 59 200441527510664848862556
59 123 200441527510664848862556
123 83 -415433053765512584976
83 123 -415433053765512584976
123 107 2823819518208520739
107 123 2823819518208520739
122 6 355995686365337088
6 122 355995686365337088
122 30 1786972557212976519568890
30 122 1786972557212976519568890
122 54 544218313971980512728341
54 122 544218313971980512728341
122 78 -17848756282512187667968
78 122 -17848756282512187667968
122 102 -78544648473424719520
102 122 -78544648473424719520
121 1 -139631616
1 121 -139631616
121 25 627674903717895038878797
25 121 627674903717895038878797
121 49 841902288120463185017168
49 121 841902288120463185017168
121 73 -117930403335387055279676
73 121 -117930403335387055279676
121 97 -1414121571480387657617
97 121 -1414121571480387657617
121 121 4161244700826518
120 20 -1821847501784688918679350
20 120 -1821847501784688918679350
120 44 -901835584075329157666010
44 120 -901835584075329157666010
120 68 -355399991333558832269428
68 120 -355399991333558832269428
120 92 -12488351725593436211469
92 120 -12488351725593436211469
120 116 42565209178263175
116 120 42565209178263175
119 15 104162378676097080118464
15 119 104162378676097080118464
119 39 -5815349861766255541759740
39 119 -5815349861766255541759740
119 63 -158069202661082884477007
63 119 -158069202661082884477007
119 87 -75413780055612370072499
87 119 -75413780055612370072499
119 111 21332525223793436257
111 119 21332525223793436257
118 10 31595423272561901438848
10 118 31595423272561901438848
118 34 -1816247885167880176563886
34 118 -1816247885167880176563886
118 58 876885452053104308945927
58 118 876885452053104308945927
118 82 -329851189826685694770954
82 118 -329851189826685694770954
118 106 367732256335377058130
106 118 367732256335377058130
117 5 1627184927777245184
5 117 1627184927777245184
117 29 -4713874936268207464562112
29 117 -4713874936268207464562112
117 53 3332502394738189828832020
53 117 3332502394738189828832020
117 77 -922992355165172083173892
77 117 -922992355165172083173892
117 101 4096330666732623171586
101 117 4096330666732623171586
116 24 53093164501873501742557022
24 116 53093164501873501742557022
116 48 24321978063369964224758932
48 116 24321978063369964224758932
116 72 -1665736560623174226937093
72 116 -1665736560623174226937093
116 96 36369419762447491429626
96 116 36369419762447491429626
115 19 -5021399229743160311030376
19 115 -5021399229743160311030376
115 43 89304885525794813068488146
43 115 89304885525794813068488146
115 67 -5379901623314185152533298
67 115 -5379901623314185152533298
115 91 267872260871889039152603
91 115 267872260871889039152603
115 115 -30321190730148447318
114 14 -3128208821418208841030784
14 114 -3128208821418208841030784
114 38 133610329007812886327478236
38 114 133610329007812886327478236
114 62 -22972939850552184676680137
62 114 -22972939850552184676680137
114 86 1613493614521508970972944
86 114 1613493614521508970972944
114 110 -244840536553457180145
110 114 -244840536553457180145
113 9 -262949358050076663191552
9 113 -262949358050076663191552
113 33 45081594314602924474697210
33 113 45081594314602924474697210
113 57 -72940353936939628956950912
57 113 -72940353936939628956950912
113 81 7122398991811031409479923
81 113 7122398991811031409479923
113 105 -3421817360987064190625
105 113 -3421817360987064190625
112 4 1400003696985157632
4 112 1400003696985157632
112 28 -262912602828898655430332873
28 112 -262912602828898655430332873
112 52 -232466372098396915965078976
52 112 -232466372098396915965078976
112 76 22399272374282371031096082
76 112 22399272374282371031096082
112 100 -40225031646467136459103
100 112 -40225031646467136459103
111 23 37710999490145659716496896
23 111 37710999490145659716496896
111 47 -470657717010094819528743392
47 111 -470657717010094819528743392
111 71 56879188495594447141076147
71 111 56879188495594447141076147
111 95 -371524832022159108647902
95 111 -371524832022159108647902
110 18 114366243661630497252408960
18 110 114366243661630497252408960
110 42 -826444192574563092444031250
42 110 -826444192574563092444031250
110 66 131758076458237778359353045
66 110 131758076458237778359353045
110 90 -2861773853261143360147514
90 110 -2861773853261143360147514
109 13 17813007993027050509316096
13 109 17813007993027050509316096
109 37 -37616763961932504548095956
37 109 -37616763961932504548095956
109 61 290290140131857182858276090
61 109 290290140131857182858276090
109 85 -16902686184439205096219476
85 109 -16902686184439205096219476
109 109 1263475211751939507464
108 8 937593719610550527205376
8 108 937593719610550527205376
108 32 2867491691233323075198809433
32 108 2867491691233323075198809433
108 56 985941020014847187676981946
56 108 985941020014847187676981946
108 80 -75195980780990118072999166
80 108 -75195980780990118072999166
108 104 14201441518591263416845
104 108 14201441518591263416845
107 3 206981004357337088
3 107 206981004357337088
107 27 -360652754516823395797577680
27 107 -360652754516823395797577680
107 51 1822689014716934770169996372
51 107 1822689014716934770169996372
107 75 -255964026302536002940413928
75 107 -255964026302536002940413928
107 99 199636248870848953218374
99 107 199636248870848953218374
106 22 -116239864650744331300088704
22 106 -116239864650744331300088704
106 46 2851819423337266022590608724
46 106 2851819423337266022590608724
106 70 -677742164333829894312180123
70 106 -677742164333829894312180123
106 94 2255931479279783270870182
94 106 2255931479279783270870182
105 17 -668080755491309830930956288
17 105 -668080755491309830930956288
105 41 -676182338105400742761218777
41 105 -676182338105400742761218777
105 65 -1256720754071924274500452504
65 105 -1256720754071924274500452504
105 89 19021308207734710331421524
89 105 19021308207734710331421524
104 12 6692296643456766819377152
12 104 6692296643456766819377152
104 36 -19076582914507310796604902098
36 104 -19076582914507310796604902098
104 60 -2849304605964440783927874862
60 104 -2849304605964440783927874862
104 84 116799314254045314138004435
84 104 116799314254045314138004435
103 7 -1630866235862566413565952
7 103 -1630866235862566413565952
103 31 300934111695460036384767648
31 103 300934111695460036384767648
103 55 -4965610960608534997272934184
55 103 -4965610960608534997272934184
103 79 539089033635460893451041329
79 103 539089033635460893451041329
103 103 -52436815587133161368858
102 2 3282242799140864
2 102 3282242799140864
102 26 8551061056500024724958607104
26 102 8551061056500024724958607104
102 50 -7847095862765338972964002596
50 102 -7847095862765338972964002596
102 74 1894812726443403984315270927
74 102 1894812726443403984315270927
102 98 -645100862283553101686028
98 102 -645100862283553101686028
101 21 2977459129224322837380986880
21 101 2977459129224322837380986880
101 45 -3771008496089281085105267112
45 101 -3771008496089281085105267112
101 69 4825523915325313085453125360
69 101 4825523915325313085453125360
101 93 -11040587664367281534294944
93 101 -11040587664367281534294944
100 16 2240999171055716446727901184
16 100 2240999171055716446727901184
100 40 68904179839287645641032007704
40 100 68904179839287645641032007704
100 64 9952546594889731708339588060
64 100 9952546594889731708339588060
100 88 -91562578879309793615645677
88 100 -91562578879309793615645677
99 11 -322588966518374752108609536
11 99 -322588966518374752108609536
99 35 5409458704843205942089750216
35 99 5409458704843205942089750216
99 59 15627241123330067547848710380
59 99 15627241123330067547848710380
99 83 -624685519282953784755208318
83 99 -624685519282953784755208318
98 6 1419459756035861069168640
6 98 1419459756035861069168640
98 30 -52892428324772037916418000000
30 98 -52892428324772037916418000000
98 54 12903101085483195113968691524
54 98 12903101085483195113968691524
98 78 -2774837155703202635416166353
78 98 -2774837155703202635416166353
97 1 1118792843264
1 97 1118792843264
97 25 -45724101389206944291065930752
25 97 -45724101389206944291065930752
97 49 19162281788203742086917585708
49 97 19162281788203742086917585708
97 73 -10247867539521436340275379064
73 97 -10247867539521436340275379064
97 97 5838421112281248869140853
96 20 -3693918552372548229799976960
20 96 -3693918552372548229799976960
96 44 -169213686763072787541619216175
44 96 -169213686763072787541619216175
96 68 -25538488153185480792527595488
68 96 -25538488153185480792527595488
96 92 29205345512256577506245004
92 96 29205345512256577506245004
95 15 -8333863704551758329186942976
15 95 -8333863704551758329186942976
95 39 30168067968714248680842136896
39 95 30168067968714248680842136896
95 63 -57230253839352612784046977584
63 95 -57230253839352612784046977584
95 87 495881089676251718103246427
87 95 495881089676251718103246427
94 10 1031553188418323726515044352
10 94 1031553188418323726515044352
94 34 182516443093585025445798958336
34 94 182516443093585025445798958336
94 58 -51337419876756352434907553108
58 94 -51337419876756352434907553108
94 82 2172898044611066788302364029
82 94 2172898044611066788302364029
93 5 -578953602484682694328320
5 93 -578953602484682694328320
93 29 240976751109168547598716616704
29 93 240976751109168547598716616704
93 53 -76376571161475578773163767192
53 93 -76376571161475578773163767192
93 77 13000959381402915600457270098
77 93 13000959381402915600457270098
92 24 99622822147563373464612585472
24 92 99622822147563373464612585472
92 48 380068556928386843876653299174
48 92 380068556928386843876653299174
92 72 36804657217714794441986959558
72 92 36804657217714794441986959558
91 19 -27587454177131337646642561024
19 91 -27587454177131337646642561024
91 43 -153298254305629936695340685664
43 91 -153298254305629936695340685664
91 67 127437828594440635431384283104
67 91 127437828594440635431384283104
91 91 -414425260468631152546064184
90 14 29095870586450347156097466368
14 90 29095870586450347156097466368
90 38 -502214135216981694269696166144
38 90 -502214135216981694269696166144
90 62 175612727815527799007778505400
62 90 175612727815527799007778505400
90 86 -721040442237686307559317645
86 90 -721040442237686307559317645
89 9 -1371778171288173276678848512
9 89 -1371778171288173276678848512
89 33 -933216775535070602327038142464
33 89 -933216775535070602327038142464
89 57 399690725499574740679562408738
57 89 399690725499574740679562408738
89 81 -12657892595935111739642716772
81 89 -12657892595935111739642716772
88 4 92781717633154691366912
4 88 92781717633154691366912
88 28 -952182260115033767792963485696
28 88 -952182260115033767792963485696
88 52 -400063707618849090916668059980
52 88 -400063707618849090916668059980
88 76 -28885456994532593973896905624
76 88 -28885456994532593973896905624
87 23 -109199438470781004311167631360
23 87 -109199438470781004311167631360
87 47 611012569291804630185310137536
47 87 611012569291804630185310137536
87 71 -174108608818807825521460372176
71 87 -174108608818807825521460372176
86 18 142663565697870859528658223104
18 86 142663565697870859528658223104
86 42 825798469470924487293996257536
42 86 825798469470924487293996257536
86 66 -282490985461570858528210137428
66 86 -282490985461570858528210137428
85 13 -73254534452611056139371544576
13 85 -73254534452611056139371544576
85 37 2542392811831569918603742302208
37 85 2542392811831569918603742302208
85 61 -1022458052839274951287411926688
61 85 -1022458052839274951287411926688
85 85 12246193051128866347267018506
84 8 709324020899437867413012480
8 84 709324020899437867413012480
84 32 4038414417980814080724918050816
32 84 4038414417980814080724918050816
84 56 -358816671567243500176508627184
56 84 -358816671567243500176508627184
84 80 9716881189653314040445787808
80 84 9716881189653314040445787808
83 3 -3819408258723240476672
3 83 -3819408258723240476672
83 27 2390109517805637761661367484416
27 83 2390109517805637761661367484416
83 51 -3197525803996597925436499269904
51 83 -3197525803996597925436499269904
83 75 188640940215027277470528580340
75 83 188640940215027277470528580340
82 22 229870259943008975964321087488
22 82 229870259943008975964321087488
82 46 -3285594872112406555834083398912
46 82 -3285594872112406555834083398912
82 70 221205875668418329163475871120
70 82 221205875668418329163475871120
81 17 -420356350302045809121807040512
17 81 -420356350302045809121807040512
81 41 -8001147455144994584498539714560
41 81 -8001147455144994584498539714560
81 65 1471412792406973467559727351208
65 81 1471412792406973467559727351208
80 12 145684371063853511004355821568
12 80 145684371063853511004355821568
80 36 -11670751666030349450968575434752
36 80 -11670751666030349450968575434752
80 60 1216287948222793419271658258982
60 80 1216287948222793419271658258982
79 7 86624169896594654533517312
7 79 86624169896594654533517312
79 31 -9512227311840696167899990917120
31 79 -9512227311840696167899990917120
79 55 8179664422714199610299295413504
55 79 8179664422714199610299295413504
79 79 -193578889722126962571764279680
78 2 15526163647402344448
2 78 15526163647402344448
78 26 -6022218344183151899883637833728
26 78 -6022218344183151899883637833728
78 50 11239214580193779136497824345600
50 78 11239214580193779136497824345600
78 74 -70566056085047681298979122600
74 78 -70566056085047681298979122600
77 21 331495144499095293346724184064
21 77 331495144499095293346724184064
77 45 29301889965748537745432052523008
45 77 29301889965748537745432052523008
77 69 -1663381180204542538254417099496
69 77 -1663381180204542538254417099496
76 16 1186350806580337891675448803328
16 76 1186350806580337891675448803328
76 40 40765630852668341077358952693760
40 76 40765630852668341077358952693760
76 64 -992440492819799185349643304430
64 76 -992440492819799185349643304430
75 11 -200105751007056044938250682368
11 75 -200105751007056044938250682368
75 35 41180225669428814626830827651072
35 75 41180225669428814626830827651072
75 59 -11771302339255787740477818809664
59 75 -11771302339255787740477818809664
74 6 -209703131955490604936331264
6 74 -209703131955490604936331264
74 30 34539589195068284170234244628480
30 74 34539589195068284170234244628480
74 54 -18079423069540534945805448795392
54 74 -18079423069540534945805448795392
73 1 -934902711189504
1 73 -934902711189504
73 25 11282471449136590021005510967296
25 73 11282471449136590021005510967296
73 49 -65248168240353605340868752949248
49 73 -65248168240353605340868752949248
73 73 1749780573959704523824415432590
72 20 -5962622421001244577691963752448
20 72 -5962622421001244577691963752448
72 44 -104605647475447729326193031118848
44 72 -104605647475447729326193031118848
72 68 277337690014099163011960716320
68 72 277337690014099163011960716320
71 15 -2940059287113249444807875493888
15 71 -2940059287113249444807875493888
71 39 -158122767657379859184128011796480
39 71 -158122767657379859184128011796480
71 63 13307049441636340306035336795968
63 71 13307049441636340306035336795968
70 10 142735168473540419627390074880
10 70 142735168473540419627390074880
70 34 -177666041927127503814572146163712
34 70 -177666041927127503814572146163712
70 58 14157176042778773066462455751680
58 70 14157176042778773066462455751680
69 5 62986614438677626256097280
5 69 62986614438677626256097280
69 29 -119284303911912886010802123833344
29 69 -119284303911912886010802123833344
69 53 89143607715229606666987710554112
53 69 89143607715229606666987710554112
68 24 -27946422076672088610956627673088
24 68 -27946422076672088610956627673088
68 48 150751875963759798034378586349568
48 68 150751875963759798034378586349568
67 19 15828350797799272560248517296128
19 67 15828350797799272560248517296128
67 43 335802123535038425998143621169152
43 67 335802123535038425998143621169152
67 67 -13998244591677636190595323460720
66 14 5664551001526222554140015329280
14 66 5664551001526222554140015329280
66 38 496713787360779694064342381887488
38 66 496713787360779694064342381887488
66 62 -4516227589443051603134663846400
62 66 -4516227589443051603134663846400
65 9 -38584716220607747818564616192
9 65 -38584716220607747818564616192
65 33 536795469688415983638494949933056
33 65 536795469688415983638494949933056
65 57 -96584161390093966064910633134080
57 65 -96584161390093966064910633134080
64 4 -6648977477756841327853568
4 64 -6648977477756841327853568
64 28 375797430866168183780841684467712
28 64 375797430866168183780841684467712
64 52 -118314831849605504917081725435904
52 64 -118314831849605504917081725435904
63 23 123881936871638461732626813157376
23 63 123881936871638461732626813157376
63 47 -426015437009810738395783826571264
47 63 -426015437009810738395783826571264
62 18 -19164956126916095688834266693632
18 62 -19164956126916095688834266693632
62 42 -727406911344660351658535512440832
42 62 -727406911344660351658535512440832
61 13 -7969672104185464061917992583168
13 61 -7969672104185464061917992583168
61 37 -1130551645066674083622638225195008
37 61 -1130551645066674083622638225195008
61 61 99112391537729004836743311196160
60 8 10772887007607441233956306944
8 60 10772887007607441233956306944
60 32 -1261579211894519904776210775801856
32 60 -1261579211894519904776210775801856
60 56 39800345352819974309665946861568
56 60 39800345352819974309665946861568
59 3 1098266725013187993796608
3 59 1098266725013187993796608
59 27 -955952210590367241117032926674944
27 59 -955952210590367241117032926674944
59 51 414773824583601741484612543184896
51 59 414773824583601741484612543184896
58 22 -354175018213075741778071410180096
22 58 -354175018213075741778071410180096
58 46 569612185006523492152734916018176
46 58 569612185006523492152734916018176
57 17 3568542759200572410296681889792
17 57 3568542759200572410296681889792
57 41 1310060486135285095606954634510336
41 57 1310060486135285095606954634510336
56 12 6783504165309428648947736379392
12 56 6783504165309428648947736379392
56 36 1959567323891997109081154214952960
36 56 1959567323891997109081154214952960
55 7 -14866411828949730737277370368
7 55 -14866411828949730737277370368
55 31 2268640136772419062140599458070528
31 55 2268640136772419062140599458070528
55 55 -401283253899390692467245662404608
54 2 5419693993149461430272
2 54 5419693993149461430272
54 26 1732475576668677929724851945209856
26 54 1732475576668677929724851945209856
54 50 -189016425689956039408829764730880
50 54 -189016425689956039408829764730880
53 21 647799438013184381428864707985408
21 53 647799438013184381428864707985408
53 45 -1039938018976730643123659450875904
45 53 -1039938018976730643123659450875904
52 16 42931677281400335015902005166080
16 52 42931677281400335015902005166080
52 40 -1536165163375218338405108502495232
40 52 -1536165163375218338405108502495232
51 11 -2404364659816902471081609134080
11 51 -2404364659816902471081609134080
51 35 -2552996771229904847421523961577472
35 51 -2552996771229904847421523961577472
50 6 5812674244058448823184261120
6 50 5812674244058448823184261120
50 30 -3072806277076128419850280591425536
30 50 -3072806277076128419850280591425536
49 1 224968875135991808
1 49 224968875135991808
49 25 -2301005199900687737802586876542976
25 49 -2301005199900687737802586876542976
49 49 869112763842310758824283595603968
48 20 -858192995877903595528343921885184
20 48 -858192995877903595528343921885184
48 44 489984390013759248243013781028864
44 48 489984390013759248243013781028864
47 15 -92511117458013622315899917697024
15 47 -92511117458013622315899917697024
47 39 1481842592096203085069421465567232
39 47 1481842592096203085069421465567232
46 10 394776407024455865794161541120
10 46 394776407024455865794161541120
46 34 2422287981380892695588835287891968
34 46 2422287981380892695588835287891968
45 5 -263327433125250051478650880
5 45 -263327433125250051478650880
45 29 3191374006374133837902499738025984
29 45 3191374006374133837902499738025984
44 24 2499287495267329033719743288180736
24 44 2499287495267329033719743288180736
43 19 777421555465778085742983717584896
19 43 777421555465778085742983717584896
43 43 -783619616797622120218654601641984
42 14 83614419481659394241761602699264
14 42 83614419481659394241761602699264
42 38 -692671776532315112605213180035072
38 42 -692671776532315112605213180035072
41 9 -620266000247759162469150359552
9 41 -620266000247759162469150359552
41 33 -1714862319992826363657500552593408
33 41 -1714862319992826363657500552593408
40 4 351879856469063828642988032
4 40 351879856469063828642988032
40 28 -2764243126434262160489866023927808
28 40 -2764243126434262160489866023927808
39 23 -2251981599643966937376469305786368
23 39 -2251981599643966937376469305786368
38 18 -345443017184435707347325765550080
18 38 -345443017184435707347325765550080
37 13 -34900913918217446264777882992640
13 37 -34900913918217446264777882992640
37 37 450428816106239932952671405735936
36 8 151486003569633936978959400960
8 36 151486003569633936978959400960
36 32 975915630054496837866727848017920
32 36 975915630054496837866727848017920
35 3 -31844655241172611007250432
3 35 -31844655241172611007250432
35 27 1881163988265531773156746854400000
27 35 1881163988265531773156746854400000
34 22 1617303566996206871036969898475520
22 34 1617303566996206871036969898475520
33 17 -99354316640354902692190222286848
17 33 -99354316640354902692190222286848
32 12 9251748299728786049361678172160
12 32 9251748299728786049361678172160
31 7 137401884120140363325562159104
7 31 137401884120140363325562159104
31 31 -694602843364000646288413170860032
30 2 190356689883416856887296
2 30 190356689883416856887296
30 26 -1076820067565763731926175270830080
26 30 -1076820067565763731926175270830080
29 21 -750571505068342393104594133581824
21 29 -750571505068342393104594133581824
28 16 189646122623515360471777886076928
16 28 189646122623515360471777886076928
27 11 -5151253020868546662951423049728
11 27 -5151253020868546662951423049728
26 6 51928577144583258402296168448
6 26 51928577144583258402296168448
25 1 -20032011142543966208
1 25 -20032011142543966208
25 25 1066832056825986600599461168152576
24 20 11981041262135828198596594892800
20 24 11981041262135828198596594892800
23 15 -50118192715411035764782318747648
15 23 -50118192715411035764782318747648
22 10 392254144317096918872664047616
10 22 392254144317096918872664047616
21 5 11597575519159562854769623040
5 21 11597575519159562854769623040
19 19 -9370290042019878786593103806464
18 14 5371473877328676237102874099712
14 18 5371473877328676237102874099712
17 9 -309104886214394576189377216512
9 17 -309104886214394576189377216512
16 4 748128789384845611197530112
4 16 748128789384845611197530112
13 13 681280468665918298547755679744
12 8 49715002145479142262481879040
8 12 49715002145479142262481879040
11 3 17878169304497638961315840
3 11 17878169304497638961315840
7 7 -519045113800049918918787072
6 2 174358624984702681874432
2 6 174358624984702681874432
1 1 590295810358705651712
