# Weber-f modular polynomial Phi_167^f(X,Y); r=q^(1/48).
168 0 1
0 168 1
167 23 -3125405
23 167 -3125405
167 47 8535203
47 167 8535203
167 71 -2718259
71 167 -2718259
167 95 259351
95 167 259351
167 119 -10020
119 167 -10020
167 143 167
143 167 167
167 167 -1
166 22 17953779387
22 166 17953779387
166 46 1332116695560
46 166 1332116695560
166 70 1965166359076
70 166 1965166359076
166 94 296138155623
94 166 296138155623
166 118 6594533909
118 166 6594533909
166 142 17063392
142 166 17063392
166 166 167
165 21 -9959179746455
21 165 -9959179746455
165 45 5437660752145573
45 165 5437660752145573
165 69 -13121916378789196
69 165 -13121916378789196
165 93 1237227955437788
93 165 1237227955437788
165 117 -13845365390194
117 165 -13845365390194
165 141 14776649477
141 165 14776649477
165 165 -11523
164 20 1458517845492122
20 164 1458517845492122
164 44 2979632597491469456
44 164 2979632597491469456
164 68 3506909833293368670
68 164 3506909833293368670
164 92 -20289825398981648
92 164 -20289825398981648
164 116 -237320405586825
116 164 -237320405586825
164 140 2643882190962
140 164 2643882190962
164 164 413826
163 19 -84399397890982556
19 163 -84399397890982556
163 43 418358276995001360654
43 163 418358276995001360654
163 67 13326318901706041461
67 163 13326318901706041461
163 91 651243164059255995
91 163 651243164059255995
163 115 11730765653789271
115 163 11730765653789271
163 139 192905936828243
139 163 192905936828243
163 163 -7776689
162 18 2380190838943328723
18 162 2380190838943328723
162 42 22055844918478335982199
42 162 22055844918478335982199
162 66 -997829129467825647462
66 162 -997829129467825647462
162 90 58022987094974983730
90 162 58022987094974983730
162 114 771535758624967572
114 162 771535758624967572
162 138 8037710043524208
138 162 8037710043524208
162 162 58489579
161 17 -37045801252431701976
17 161 -37045801252431701976
161 41 572813982414597604247742
41 161 572813982414597604247742
161 65 -18803854009048735418758
65 161 -18803854009048735418758
161 89 960709767973102834605
89 161 960709767973102834605
161 113 20216633814512966397
113 161 20216633814512966397
161 137 229594174719920685
137 161 229594174719920685
161 161 163471457
160 16 344481208605879093576
16 160 344481208605879093576
160 40 8932748574184017221502554
40 160 8932748574184017221502554
160 64 -10841748871098381259153
64 160 -10841748871098381259153
160 88 3392506146849517081551
88 160 3392506146849517081551
160 112 251554892242855831596
112 160 251554892242855831596
160 136 4974685499001366791
136 160 4974685499001366791
160 160 -484856110
159 15 -2016888215221699592984
15 159 -2016888215221699592984
159 39 95728038587977341216205382
39 159 95728038587977341216205382
159 63 6153668801729130477548848
63 159 6153668801729130477548848
159 87 -75921747387228249041006
87 159 -75921747387228249041006
159 111 -304187079857489305126
111 159 -304187079857489305126
159 135 86895525699353244700
135 159 86895525699353244700
159 159 -70660599621
158 14 7699003475415283920112
14 158 7699003475415283920112
158 38 769582460318562514441124268
38 158 769582460318562514441124268
158 62 151977837244000537276830402
62 158 151977837244000537276830402
158 86 -588444668500373949892074
86 158 -588444668500373949892074
158 110 -76732457557618944683017
110 158 -76732457557618944683017
158 134 1273361645476849491646
134 158 1273361645476849491646
158 158 -92455147713
157 13 -19593000592238524312864
13 157 -19593000592238524312864
157 37 4916378168376501712942404312
37 157 4916378168376501712942404312
157 61 2209914925567295548369110154
61 157 2209914925567295548369110154
157 85 18716760048390627081222756
85 157 18716760048390627081222756
157 109 -1764414892897267561031350
109 157 -1764414892897267561031350
157 133 16094281107705729454431
133 157 16094281107705729454431
157 157 6424288174488
156 12 33657859498619231078910
12 156 33657859498619231078910
156 36 25956323587225645573496736413
36 156 25956323587225645573496736413
156 60 23084318740240901837296001263
60 156 23084318740240901837296001263
156 84 575383062262408337853849727
84 156 575383062262408337853849727
156 108 -26281955805797459506656526
108 156 -26281955805797459506656526
156 132 179051924381549092213142
132 156 179051924381549092213142
156 156 67147693939880
155 11 -39186001184477048625728
11 155 -39186001184477048625728
155 35 116437478614583849969637329716
35 155 116437478614583849969637329716
155 59 185922617408438863432256955103
59 155 185922617408438863432256955103
155 83 9098564103999898674616137458
83 155 9098564103999898674616137458
155 107 -304428424817974291581428322
107 155 -304428424817974291581428322
155 131 1780707327156762987084325
131 155 1780707327156762987084325
155 155 -68514131205238
154 10 30796013901661135680448
10 154 30796013901661135680448
154 34 452883999294808781281989486804
34 154 452883999294808781281989486804
154 58 1194134577431480130469002616773
58 154 1194134577431480130469002616773
154 82 104454734561952872768632647796
82 154 104454734561952872768632647796
154 106 -2943080946210151100633772000
106 154 -2943080946210151100633772000
154 130 16024603433077912749352724
130 154 16024603433077912749352724
154 154 -6965847650465045
153 9 -16135105721773596743872
9 153 -16135105721773596743872
153 33 1550646815616836270196531531964
33 153 1550646815616836270196531531964
153 57 6198024653532791191564480910129
57 153 6198024653532791191564480910129
153 81 964356163831656407514269710606
81 153 964356163831656407514269710606
153 105 -24675446681711867317285344395
105 153 -24675446681711867317285344395
153 129 131768292290344835945788057
129 153 131768292290344835945788057
153 153 -64782044665242738
152 8 5511699337694065497216
8 152 5511699337694065497216
152 32 4728292588188424357931139837464
32 152 4728292588188424357931139837464
152 56 25790122941629930847117955049382
56 152 25790122941629930847117955049382
152 80 7522258917724553706114139084136
80 152 7522258917724553706114139084136
152 104 -183848574363220687953448692252
104 152 -183848574363220687953448692252
152 128 998057546348946023190324844
128 152 998057546348946023190324844
152 152 -113993756618953558
151 7 -1185465640077814463232
7 151 -1185465640077814463232
151 31 12955723565578548174718742270960
31 151 12955723565578548174718742270960
151 55 81731982475225276039657195505832
55 151 81731982475225276039657195505832
151 79 51064024104016593779753828199652
79 151 51064024104016593779753828199652
151 103 -1238071465154820191696357827604
103 151 -1238071465154820191696357827604
151 127 7010376527939270531313389337
127 151 7010376527939270531313389337
151 151 3688520024016198668
150 6 152332213692373038272
6 150 152332213692373038272
150 30 32124079735622413392784126997316
30 150 32124079735622413392784126997316
150 54 156731823181470600407270213346093
54 150 156731823181470600407270213346093
150 78 307781679747776311283330175010086
78 150 307781679747776311283330175010086
150 102 -7630116103689215113553413646895
102 150 -7630116103689215113553413646895
150 126 45924501170874495484409210223
126 150 45924501170874495484409210223
150 150 48936103889029620068
149 5 -10803122930045767168
5 149 -10803122930045767168
149 29 72475930275195165348450059695328
29 149 72475930275195165348450059695328
149 53 -174978636665596954292534571412252
53 149 -174978636665596954292534571412252
149 77 1671435554143044698632401016955748
77 149 1671435554143044698632401016955748
149 101 -43446076527298324706255283173482
101 149 -43446076527298324706255283173482
149 125 281961560824604927729048445805
125 149 281961560824604927729048445805
149 149 307002116018677376128
148 4 373380568445983232
4 148 373380568445983232
148 28 149417880702498614579902131197280
28 148 149417880702498614579902131197280
148 52 -3388603506773648875933138477072868
52 148 -3388603506773648875933138477072868
148 76 8270569530655378790676398288748580
76 148 8270569530655378790676398288748580
148 100 -230278804209507329538451860118892
100 148 -230278804209507329538451860118892
148 124 1629371376229007501827422666975
124 148 1629371376229007501827422666975
148 148 481850273147683449742
147 3 -5099100030184960
3 147 -5099100030184960
147 27 282404522325494208701412076690656
27 147 282404522325494208701412076690656
147 51 -19583659010084982262762301118311308
51 147 -19583659010084982262762301118311308
147 75 37623156621730926528278813382360884
75 147 37623156621730926528278813382360884
147 99 -1143020129087367222564885461350848
99 147 -1143020129087367222564885461350848
147 123 8895014011112226947613189098924
123 147 8895014011112226947613189098924
147 147 -11957648907501354755252
146 2 18384670092288
2 146 18384670092288
146 26 490505314833254752420220901826368
26 146 490505314833254752420220901826368
146 50 -81815981767539808963141453623620088
50 146 -81815981767539808963141453623620088
146 74 158490694977872471492424969107292664
74 146 158490694977872471492424969107292664
146 98 -5339366205483830955805502504106960
98 146 -5339366205483830955805502504106960
146 122 46024664613945917551447400775898
122 146 46024664613945917551447400775898
146 146 -160254247880214225718797
145 1 -6400829440
1 145 -6400829440
145 25 784213847866423743842508395364992
25 145 784213847866423743842508395364992
145 49 -280444334259439255415691153937413360
49 145 -280444334259439255415691153937413360
145 73 622012153158783905464075131735056928
73 145 622012153158783905464075131735056928
145 97 -23569059602402300896095428588763076
97 145 -23569059602402300896095428588763076
145 121 226367475261596273243831022570340
121 145 226367475261596273243831022570340
145 145 -1209793935714526988621080
144 24 1155213546668916236411880865884955
24 144 1155213546668916236411880865884955
144 48 -823423746859138782345903505590065998
48 144 -823423746859138782345903505590065998
144 72 2285846216143751023482486243395159883
72 144 2285846216143751023482486243395159883
144 96 -98654329371128153235519364156968616
96 144 -98654329371128153235519364156968616
144 120 1061071717146637383048603140224765
120 144 1061071717146637383048603140224765
144 144 -6129083301342179641308449
143 23 1568427695732847487685016790729984
23 143 1568427695732847487685016790729984
143 47 -2106510020483415029856252546689772058
47 143 -2106510020483415029856252546689772058
143 71 7900105447452373267385122877910572815
71 143 7900105447452373267385122877910572815
143 95 -392735922065587631671071819305123971
95 143 -392735922065587631671071819305123971
143 119 4751129368363371916333819301187572
119 143 4751129368363371916333819301187572
143 143 -16038860529858853778343921
142 22 1962021259333019009680883607305472
22 142 1962021259333019009680883607305472
142 46 -4710489482975885743844201091053878890
46 142 -4710489482975885743844201091053878890
142 70 25774215539526367976901367144062131056
70 142 25774215539526367976901367144062131056
142 94 -1490785225593239145300888538142504899
94 142 -1490785225593239145300888538142504899
142 118 20365126167626393844810169396212493
118 142 20365126167626393844810169396212493
142 142 66537151538146497899576138
141 21 2259236178603953669611296613525248
21 141 2259236178603953669611296613525248
141 45 -9115486298233153991024141820924088462
45 141 -9115486298233153991024141820924088462
141 69 79639349006871349693996470344607497433
69 141 79639349006871349693996470344607497433
141 93 -5408086015394436247579178994473951941
93 141 -5408086015394436247579178994473951941
141 117 83723695012785979435442118943238237
117 141 83723695012785979435442118943238237
141 141 1274887206791346663840976451
140 20 2390686091239977833278434099156480
20 140 2390686091239977833278434099156480
140 44 -14764738458232161700509375945381500684
44 140 -14764738458232161700509375945381500684
140 68 233730176108821813530249926429867503296
68 140 233730176108821813530249926429867503296
140 92 -18787167344847331196407718266647807138
92 140 -18787167344847331196407718266647807138
140 116 330705179414569191554422842231548040
116 140 330705179414569191554422842231548040
140 140 10845995728465060086904372876
139 19 2319229768806245291150401910250496
19 139 2319229768806245291150401910250496
139 43 -18050484311787724907290990425048117944
43 139 -18050484311787724907290990425048117944
139 67 653226080944275114261492156519602121686
67 139 653226080944275114261492156519602121686
139 91 -62611582788276385391045966283753637488
91 139 -62611582788276385391045966283753637488
139 115 1257077279830666295426386855145471379
115 139 1257077279830666295426386855145471379
139 139 69064797769063677323542790629
138 18 2055941103079834457138184127828224
18 138 2055941103079834457138184127828224
138 42 -9077828315960482614187369741928669082
42 138 -9077828315960482614187369741928669082
138 66 1742509617183976859587194250714612807779
66 138 1742509617183976859587194250714612807779
138 90 -200510493220193845251733711937672844731
90 138 -200510493220193845251733711937672844731
138 114 4605247335981653537633872153525769573
114 138 4605247335981653537633872153525769573
138 138 362306662404956374751418595131
137 17 1658332616394054166363999010682880
17 137 1658332616394054166363999010682880
137 41 32051649393039092015438604333762730576
41 137 32051649393039092015438604333762730576
137 65 4445833965096957741277681369735106264358
65 137 4445833965096957741277681369735106264358
137 89 -617960777429273424120238286005423068056
89 137 -617960777429273424120238286005423068056
137 113 16281963167162206361711562678858070353
113 137 16281963167162206361711562678858070353
137 137 1601536258098508890845622759958
136 16 1210442902576236635630371798390784
16 136 1210442902576236635630371798390784
136 40 137208743825681821865741746905577159312
40 136 137208743825681821865741746905577159312
136 64 10869682713260429289946288145566157765778
64 136 10869682713260429289946288145566157765778
136 88 -1835383042901110208548815367620203825884
88 136 -1835383042901110208548815367620203825884
136 112 55625380064213958436085076422108786595
112 136 55625380064213958436085076422108786595
136 136 5841727663482002572169859044229
135 15 793931169595820170340624144365568
15 135 793931169595820170340624144365568
135 39 346768054249318250626061018321527871952
39 135 346768054249318250626061018321527871952
135 63 25510049676049444958136487274432366920206
63 135 25510049676049444958136487274432366920206
135 87 -5260059087744783782556052542736512679088
87 135 -5260059087744783782556052542736512679088
135 111 183849611043120607333217249640379391044
111 135 183849611043120607333217249640379391044
135 135 15733333438834558369743815797688
134 14 463753215277884192032757234487296
14 134 463753215277884192032757234487296
134 38 696941645298540738582404978949743356384
38 134 696941645298540738582404978949743356384
134 62 57559311942160633445667349380061762779580
62 134 57559311942160633445667349380061762779580
134 86 -14563636196947489201395239701365057196232
86 134 -14563636196947489201395239701365057196232
134 110 588508226471429001872500033788589222694
110 134 588508226471429001872500033788589222694
134 134 13094632767108272694569897015624
133 13 238463956202667724737817251258368
13 133 238463956202667724737817251258368
133 37 1197047629369964257987009525462664754624
37 133 1197047629369964257987009525462664754624
133 61 125039823597950359280136166133531930922232
61 133 125039823597950359280136166133531930922232
133 85 -38998412016909781727629050100122934212072
85 133 -38998412016909781727629050100122934212072
133 109 1826366760364796877654775703293678215492
109 133 1826366760364796877654775703293678215492
133 133 -197226741624504200963909970771962
132 12 106317101413276244269042632347648
12 132 106317101413276244269042632347648
132 36 1802152374568651639684673382045827083340
36 132 1802152374568651639684673382045827083340
132 60 261861747412551939142267200125191728813849
60 132 261861747412551939142267200125191728813849
132 84 -101105165283641123408677512259809238863322
84 132 -101105165283641123408677512259809238863322
132 108 5500301359837297852972673671546623317816
108 132 5500301359837297852972673671546623317816
132 132 -1835570308743679033881208289309767
131 11 40274969955340302032424176123904
11 131 40274969955340302032424176123904
131 35 2394095258739928515974019050925329509248
35 131 2394095258739928515974019050925329509248
131 59 529293207401201361441714319419801946862180
59 131 529293207401201361441714319419801946862180
131 83 -254022358571014444831813825715765475030012
83 131 -254022358571014444831813825715765475030012
131 107 16089397654076843055382081198575572119122
107 131 16089397654076843055382081198575572119122
131 131 -11087129066712771105184175880824447
130 10 12608839029859328236603380006912
10 130 12608839029859328236603380006912
130 34 2787766581194162954329619915798973425536
34 130 2787766581194162954329619915798973425536
130 58 1033666457495408617813808386390351205284228
58 130 1033666457495408617813808386390351205284228
130 82 -619069079299129581119109914002498942041076
82 130 -619069079299129581119109914002498942041076
130 106 45752645145363532162721504316625590428080
106 130 45752645145363532162721504316625590428080
130 130 -55517212158177448486428308464781373
129 9 3136816368450841516972617957376
9 129 3136816368450841516972617957376
129 33 2774144433994546005008488146572222975616
33 129 2774144433994546005008488146572222975616
129 57 1952250521088491136770749768317847379713996
57 129 1952250521088491136770749768317847379713996
129 81 -1464692370894207313037079124593366864843460
81 129 -1464692370894207313037079124593366864843460
129 105 126579233955779514588279530024111545173502
105 129 126579233955779514588279530024111545173502
129 129 -246859889543726726019989830533948215
128 8 585416610557723752628391378944
8 128 585416610557723752628391378944
128 32 2195339901210909149851867950489234548992
32 128 2195339901210909149851867950489234548992
128 56 3568837213486863051155678628198040338632120
56 128 3568837213486863051155678628198040338632120
128 80 -3366991009975558703826583583992277576114904
80 128 -3366991009975558703826583583992277576114904
128 104 340961452422048238081177675195399647793296
104 128 340961452422048238081177675195399647793296
128 128 -1004374464799094840743031262468197374
127 7 75079874303046137183960039424
7 127 75079874303046137183960039424
127 31 1025652780577250944494035338680407378432
31 127 1025652780577250944494035338680407378432
127 55 6319384888876371780717737325437672630078512
55 127 6319384888876371780717737325437672630078512
127 79 -7525778829033494791641507153620044251880032
79 127 -7525778829033494791641507153620044251880032
127 103 894855312812191229089894832795710374679244
103 127 894855312812191229089894832795710374679244
127 127 -3799702690076579434336353883702534552
126 6 5781807410309584907717574656
6 126 5781807410309584907717574656
126 30 -580981012221470887307991663483434821248
30 126 -580981012221470887307991663483434821248
126 54 10845713984106766309687052963269359442550068
54 126 10845713984106766309687052963269359442550068
126 78 -16367381560817855486656350542374885162718388
78 126 -16367381560817855486656350542374885162718388
126 102 2289791242734518406823654724378245312362942
102 126 2289791242734518406823654724378245312362942
126 126 -13497429244341912773550830270898354039
125 5 219340224329155273374564352
5 125 219340224329155273374564352
125 29 -2310461991908828788133246774406159096832
29 125 -2310461991908828788133246774406159096832
125 53 18051548280113538891535104423991919126194528
53 125 18051548280113538891535104423991919126194528
125 77 -34658434270518537562572123443011052227897296
77 125 -34658434270518537562572123443011052227897296
125 101 5716221367015028566591831886044153229627324
101 125 5716221367015028566591831886044153229627324
125 125 -45307059206944221756707841586077920616
124 4 3124371230547215076294656
4 124 3124371230547215076294656
124 28 -3779773045307433395330400242017664175104
28 124 -3779773045307433395330400242017664175104
124 52 29150250838041420656535299128616672485554144
52 124 29150250838041420656535299128616672485554144
124 76 -71499749867050791129288286911998576816513840
76 124 -71499749867050791129288286911998576816513840
124 100 13930012583814453707971063771775496159035964
100 124 13930012583814453707971063771775496159035964
124 124 -144332636583410294269527715431880573980
123 3 11403601121683592708096
3 123 11403601121683592708096
123 27 -4667128984695374843404360612313133292544
27 123 -4667128984695374843404360612313133292544
123 51 45688028266830144035899936860201024550109536
51 123 45688028266830144035899936860201024550109536
123 75 -143784042542175644892300124661676622853174544
75 123 -143784042542175644892300124661676622853174544
123 99 33156454222440100082524580306765183871428460
99 123 33156454222440100082524580306765183871428460
123 123 -437628772664628153275136310485539557964
122 2 5587302384654090240
2 122 5587302384654090240
122 26 -4823541230567307001696461917239171983360
26 122 -4823541230567307001696461917239171983360
122 50 69521450800814136403821976408617851493233216
50 122 69521450800814136403821976408617851493233216
122 74 -282002975823992345890701283562696277752821408
74 122 -282002975823992345890701283562696277752821408
122 98 77124050917326678162795627190591264250181448
98 122 77124050917326678162795627190591264250181448
122 122 -1265247501642757007075595846167169110200
121 1 71598472167424
1 121 71598472167424
121 25 -4314132521950033981145605215620653174784
25 121 -4314132521950033981145605215620653174784
121 49 102725813057792385587269839437617716960712832
49 121 102725813057792385587269839437617716960712832
121 73 -539686959448688885782046405394885241384261952
73 121 -539686959448688885782046405394885241384261952
121 97 175402112958695401797257862804868540368762336
97 121 175402112958695401797257862804868540368762336
121 121 -3490901633895730451502852844863100488392
120 24 -3372743667135032452488820758896910327808
24 120 -3372743667135032452488820758896910327808
120 48 147413526227354403437571096438527025152998313
48 120 147413526227354403437571096438527025152998313
120 72 -1008246070617066098199723534806877603081056424
72 120 -1008246070617066098199723534806877603081056424
120 96 390219252788940490564537470758833325398447461
96 120 390219252788940490564537470758833325398447461
120 120 -9190054143835614773828765833509926052050
119 23 -2297399986253326380365341933055290245120
23 119 -2297399986253326380365341933055290245120
119 47 205451626115584771174539678875235433921425664
47 119 205451626115584771174539678875235433921425664
119 71 -1839509402322356363327689621666479412366329619
71 119 -1839509402322356363327689621666479412366329619
119 95 849581897711847369743116490767431129892866702
95 119 849581897711847369743116490767431129892866702
119 119 -23052081040503578302508841799678110907852
118 22 -1340473045279372230052109576169391521792
22 118 -1340473045279372230052109576169391521792
118 46 278085803203256545615287905634471405972932864
46 118 278085803203256545615287905634471405972932864
118 70 -3278737930592781175892718016863410970074912747
70 118 -3278737930592781175892718016863410970074912747
118 94 1810952079887645851092348529733513165737630408
94 118 1810952079887645851092348529733513165737630408
118 118 -54923865088374355636535979970603572790842
117 21 -641717338442464698786195083044824940544
21 117 -641717338442464698786195083044824940544
117 45 365504226134641152287199494881608196400876288
45 117 365504226134641152287199494881608196400876288
117 69 -5711147469351337157866705763706040823315445625
69 117 -5711147469351337157866705763706040823315445625
117 93 3780814948908397781857257007601322081970825282
93 117 3780814948908397781857257007601322081970825282
117 117 -123574722681202101197911810545197493217542
116 20 -222075519419917852733154163233447477248
20 116 -222075519419917852733154163233447477248
116 44 466404013408662730504564786057866759768866304
44 116 466404013408662730504564786057866759768866304
116 68 -9724777191532516395633712737608057153234602042
68 116 -9724777191532516395633712737608057153234602042
116 92 7733958144269105076956832716716417943003942960
92 116 7733958144269105076956832716716417943003942960
116 116 -259730986679878383359299909518984108361224
115 19 -22934799865033123993031091344146694144
19 115 -22934799865033123993031091344146694144
115 43 577649544963633244529123341567741412038224896
43 115 577649544963633244529123341567741412038224896
115 67 -16191553841016701062142021244867881902691010980
67 115 -16191553841016701062142021244867881902691010980
115 91 15506268702098023539098979828713426091843320860
91 115 15506268702098023539098979828713426091843320860
115 115 -499272583736419554126527154243254101866922
114 18 41086307056083429073163442807398203392
18 114 41086307056083429073163442807398203392
114 42 694125694982833043819971389649239004323204352
42 114 694125694982833043819971389649239004323204352
114 66 -26366269054227672343773996773542496477325614339
66 114 -26366269054227672343773996773542496477325614339
114 90 30481996182835045786825091829124713394145167078
90 114 30481996182835045786825091829124713394145167078
114 114 -836555561765642566802196067388008523887670
113 17 42851097627970909524279791717361647616
17 113 42851097627970909524279791717361647616
113 41 808881265776175587931870377656022096650049536
41 113 808881265776175587931870377656022096650049536
113 65 -41999576133032839850169092202137239418451192488
65 113 -41999576133032839850169092202137239418451192488
113 89 58768194220980910947596511968232411352101670428
89 113 58768194220980910947596511968232411352101670428
113 113 -1052863718885958465650259993177490445928836
112 16 27042903953642546367947556833860780032
16 112 27042903953642546367947556833860780032
112 40 913622326652636941095853728818698326689822720
40 112 913622326652636941095853728818698326689822720
112 64 -65455842556970712937125415275010200357265024456
64 112 -65455842556970712937125415275010200357265024456
112 88 111154591602377269026227810321422169473381807380
88 112 111154591602377269026227810321422169473381807380
112 112 -201205454730789611344524250806232218436710
111 15 12998199798205600112971834269638852608
15 111 12998199798205600112971834269638852608
111 39 999552266797307462026623881378737858413565952
39 111 999552266797307462026623881378737858413565952
111 63 -99819892298925978655389713768677907530457633640
63 111 -99819892298925978655389713768677907530457633640
111 87 206306645189400236387413734153536521871306284972
87 111 206306645189400236387413734153536521871306284972
111 111 4778102437810116681211704464244970959544896
110 14 5008563434659166837146659551541460992
14 110 5008563434659166837146659551541460992
110 38 1058474452475298424641339787663719634211049472
38 110 1058474452475298424641339787663719634211049472
110 62 -148968943287866898078879795245325670024276290544
62 110 -148968943287866898078879795245325670024276290544
110 86 375842636829104048164368935642270373702397287576
86 110 375842636829104048164368935642270373702397287576
110 110 22505447039675078984908963782730309911761548
109 13 1559631955773369517298738151632666624
13 109 1559631955773369517298738151632666624
109 37 1083992488757660388232630926171754387173744640
37 109 1083992488757660388232630926171754387173744640
109 61 -217578614759833955280019144762545808257869062368
61 109 -217578614759833955280019144762545808257869062368
109 85 672208621076235582101081816794521231962481918000
85 109 672208621076235582101081816794521231962481918000
109 109 75262430799497829167720596086409083500911292
108 12 387290601717869502159111869125623808
12 108 387290601717869502159111869125623808
108 36 1072585717401812742726726451712785321221525504
36 108 1072585717401812742726726451712785321221525504
108 60 -311026633588341364481246023915362779432372157726
60 108 -311026633588341364481246023915362779432372157726
108 84 1180586072041220941849716328943355722251546197834
84 108 1180586072041220941849716328943355722251546197834
108 108 217125158710212096702155826386036719670831926
107 11 74152440095732879901654017562902528
11 107 74152440095732879901654017562902528
107 35 1024326234914409343222875472965893578114924544
35 107 1024326234914409343222875472965893578114924544
107 59 -435157229519667910560038289525091616515738124736
59 107 -435157229519667910560038289525091616515738124736
107 83 2036430132095134694972610349957042313288213335656
83 107 2036430132095134694972610349957042313288213335656
107 107 572888351952168266931423255445043701163564730
106 10 10199060010621766872037741798883328
10 106 10199060010621766872037741798883328
106 34 943051766860359818373813852242931921380638720
34 106 943051766860359818373813852242931921380638720
106 58 -595875773151467592315519180981302680097105162176
58 106 -595875773151467592315519180981302680097105162176
106 82 3450603015029612506615304101802741362275515763112
82 106 3450603015029612506615304101802741362275515763112
106 106 1418527043864249689378986206187937766029568222
105 9 825931445432566364112161387577344
9 105 825931445432566364112161387577344
105 33 835913307784788212388216415008599799241310208
33 105 835913307784788212388216415008599799241310208
105 57 -798559138391407829243117710149423260243661069120
57 105 -798559138391407829243117710149423260243661069120
105 81 5744367913689794151474354740437732522028916134776
81 105 5744367913689794151474354740437732522028916134776
105 105 3341847862075905317447311816438445055128023718
104 8 -2910309802050779194162589728768
8 104 -2910309802050779194162589728768
104 32 712355526296235493945919939907823715338027008
32 104 712355526296235493945919939907823715338027008
104 56 -1047293480911531406994006644400163205716240391296
56 104 -1047293480911531406994006644400163205716240391296
104 80 9396635650421485457195558400070506220072443587632
80 104 9396635650421485457195558400070506220072443587632
104 104 7552971672134423069069896869738790164460678500
103 7 -10095242250952850836715309367296
7 103 -10095242250952850836715309367296
103 31 582724349473188445064748252493919848281931776
31 103 582724349473188445064748252493919848281931776
103 55 -1343986436257050875205410950468391661390438159616
55 103 -1343986436257050875205410950468391661390438159616
103 79 15105659084854559231914484832587425184696222363616
79 103 15105659084854559231914484832587425184696222363616
103 103 16466074192397082119134663618053228902801405296
102 6 -1071410869515115260019828850688
6 102 -1071410869515115260019828850688
102 30 456788441087076429879625449659331459882418176
30 102 456788441087076429879625449659331459882418176
102 54 -1687441219470571030001535793506719774548839317696
54 102 -1687441219470571030001535793506719774548839317696
102 78 23866661066056146001553250241944857247720112778120
78 102 23866661066056146001553250241944857247720112778120
102 102 34757310117407056270750291939904002005205165710
101 5 28618051929447043340307529728
5 101 28618051929447043340307529728
101 29 342478595526112111105929199757349157174509568
29 101 342478595526112111105929199757349157174509568
101 53 -2072518891650137735954178719343088883544449405440
53 101 -2072518891650137735954178719343088883544449405440
101 77 37065451901778425060577465464068606534357995012544
77 101 37065451901778425060577465464068606534357995012544
101 101 71233604212473399989033729130955598896756084184
100 4 15062063044015830411321016320
4 100 15062063044015830411321016320
100 28 245083853143483941944295346856124747136106496
28 100 245083853143483941944295346856124747136106496
100 52 -2489542961032324197282230460827662631228058122752
52 100 -2489542961032324197282230460827662631228058122752
100 76 56585746353989246914035471315501794843810769408704
76 100 56585746353989246914035471315501794843810769408704
100 100 142040948025439926443655880513837493310605933096
99 3 -112716403415492689796268032
3 99 -112716403415492689796268032
99 27 167015820048458264753464085776134302456610816
27 99 167015820048458264753464085776134302456610816
99 51 -2924107504307884624827753351017492901537508160000
51 99 -2924107504307884624827753351017492901537508160000
99 75 84924498241793026641202352243698000233030588662208
75 99 84924498241793026641202352243698000233030588662208
99 99 276018842875792135317795321616773626676036491576
98 2 33761300973723251113984
2 98 33761300973723251113984
98 26 108104895334297603310989311817808372536705024
26 98 108104895334297603310989311817808372536705024
98 50 -3357427640927007924114143249268132833356710652928
50 98 -3357427640927007924114143249268132833356710652928
98 74 125305138985695829010477942414959930486297560542848
74 98 125305138985695829010477942414959930486297560542848
98 98 523387821003928671785750209412640957905591824688
97 1 -93398668056461312
1 97 -93398668056461312
97 25 66270887757342558009772980854623654400491520
25 97 66270887757342558009772980854623654400491520
97 49 -3767315255956185832095108345172949836526243059712
49 97 -3767315255956185832095108345172949836526243059712
97 73 181773357288017272860296980782671459267532980970752
73 97 181773357288017272860296980782671459267532980970752
97 97 969449753895919259664621625563433729285210594400
96 24 38350135711026397971186743922469170711625728
24 96 38350135711026397971186743922469170711625728
96 48 -4129775905247502738226067598568970662220007112704
48 96 -4129775905247502738226067598568970662220007112704
96 72 259254505022874447615888032626075233757311479753019
72 96 259254505022874447615888032626075233757311479753019
96 96 1755577945385908935109400891880273408948431870444
95 23 20871264496339999758588737450695009706704896
23 95 20871264496339999758588737450695009706704896
95 47 -4421115571803659352326524152994899897419873910784
47 95 -4421115571803659352326524152994899897419873910784
95 71 363546714576034545720593961565342918535065961941504
71 95 363546714576034545720593961565342918535065961941504
95 95 3110435567836687313837272651796645624390076849044
94 22 10636130494535526698729024282025504796573696
22 94 10636130494535526698729024282025504796573696
94 46 -4620336755900290595073249829891215814702225948672
46 94 -4620336755900290595073249829891215814702225948672
94 70 501220555942783316041911769659839721945190242171392
70 94 501220555942783316041911769659839721945190242171392
94 94 5394997000272593239518335940732500619570905458484
93 21 5049694601956880385960510082716473126551552
21 93 5049694601956880385960510082716473126551552
93 45 -4711515506022011531830890484913819577652823457792
45 93 -4711515506022011531830890484913819577652823457792
93 69 679395985934344213129618817949584001864244709297664
69 93 679395985934344213129618817949584001864244709297664
93 93 9165399464278066855032670871367636862771067294012
92 20 2220114103341182584527947523077844741652480
20 92 2220114103341182584527947523077844741652480
92 44 -4685807607287040647449037171064738730247051018240
44 92 -4685807607287040647449037171064738730247051018240
92 68 905371941663827950624567541048028717500972310539264
68 92 905371941663827950624567541048028717500972310539264
92 92 15257682254126897670153973552147854303287893232472
91 19 897345130302001785811542286722759892402176
19 91 897345130302001785811542286722759892402176
91 43 -4542750296705405755401453363922344637614954381312
43 91 -4542750296705405755401453363922344637614954381312
91 67 1186094460856909601938478894850195409099455840401408
67 91 1186094460856909601938478894850195409099455840401408
91 91 24897752451476442593353822293310404159706938646000
90 18 330478062206161196421354722909568960036864
18 90 330478062206161196421354722909568960036864
90 42 -4290610871879035908694042356580321896095649103872
42 90 -4290610871879035908694042356580321896095649103872
90 66 1527466308227593344099408015484470863854087217799680
66 90 1527466308227593344099408015484470863854087217799680
90 90 39838055301893583087032885813898856618780304743828
89 17 109659156764453486262679859524153949290496
17 89 109659156764453486262679859524153949290496
89 41 -3945675530716312917320142502557145760729678217216
41 89 -3945675530716312917320142502557145760729678217216
89 65 1933524362861383581685054058571190423641116462542848
65 89 1933524362861383581685054058571190423641116462542848
89 89 62519009485128560203256355263947480614335247134816
88 16 32307856043671312903955822609559512416256
16 88 32307856043671312903955822609559512416256
88 40 -3530545965276131443423663708168286451652261576704
40 88 -3530545965276131443423663708168286451652261576704
88 64 2405538726507900277042062950418049592338545558433792
64 88 2405538726507900277042062950418049592338545558433792
88 88 96247943543318364202239540450031726461904616162272
87 15 8283756370705964639565274120752308682752
15 87 8283756370705964639565274120752308682752
87 39 -3071682535005528654950336560299228507340191825920
39 87 -3071682535005528654950336560299228507340191825920
87 63 2941116371809174605554869627104119051278805061005312
63 87 2941116371809174605554869627104119051278805061005312
87 87 145380886433073423195909312520149601218805858253152
86 14 1794518675423793897738104787686825918464
14 86 1794518675423793897738104787686825918464
86 38 -2596563915580656398606207188740337322598653231104
38 86 -2596563915580656398606207188740337322598653231104
86 62 3533417487390323206774071400246007154970128141426688
62 86 3533417487390323206774071400246007154970128141426688
86 86 215483328710927057556545793696863586486015810513472
85 13 312624282137912860758320445887604588544
13 85 312624282137912860758320445887604588544
85 37 -2130893989287680340031712112909875989960558903296
37 85 -2130893989287680340031712112909875989960558903296
85 61 4170608910530835855303905996712022657614260911423488
61 85 4170608910530835855303905996712022657614260911423488
85 85 313435722634951303383825063230541802418723138187392
84 12 39540022961430009300480054482616451072
12 84 39540022961430009300480054482616451072
84 36 -1696263196679348393910038897525467719205547671552
36 84 -1696263196679348393910038897525467719205547671552
84 60 4835680551080840977816438083351985038342333226328064
60 84 4835680551080840977816438083351985038342333226328064
84 84 447439452533930474883767618287436082678449251593640
83 11 2572411913437347863897077526751608832
11 83 2572411913437347863897077526751608832
83 35 -1308569564129382121114571482809168187659443503104
35 83 -1308569564129382121114571482809168187659443503104
83 59 5506733023856521888572062243180717932236651872256000
59 83 5506733023856521888572062243180717932236651872256000
83 83 626871445269902606767650126461083604837446276374784
82 10 -161750438829738718627635235815161856
10 82 -161750438829738718627635235815161856
82 34 -977349080886426267957901751366308237734154600448
34 82 -977349080886426267957901751366308237734154600448
82 58 6157805761808040725125020641562957802740077159645184
58 82 6157805761808040725125020641562957802740077159645184
82 82 861933314843708230226183174787454345944063242053888
81 9 -41738422026664803547963409016291328
9 81 -41738422026664803547963409016291328
81 33 -705993179902857523145919404934717634430384472064
33 81 -705993179902857523145919404934717634430384472064
81 57 6760256149566266945942773240743084748678964345962496
57 81 6760256149566266945942773240743084748678964345962496
81 81 1163047091464587385567274500161196809750446866025216
80 8 3730099955762598220455656948760576
8 80 3730099955762598220455656948760576
80 32 -492681884055827081738056351466937048814116143104
32 80 -492681884055827081738056351466937048814116143104
80 56 7284627315253396702902865777224723298607550128455680
56 80 7284627315253396702902865777224723298607550128455680
80 80 1539967096693093827235832647200507623390473858596352
79 7 2112623121608819139723966503976960
7 79 2112623121608819139723966503976960
79 31 -331765166158683038704795126265048319493062787072
31 79 -331765166158683038704795126265048319493062787072
79 55 7702864752932409959723370016700158620742670146338816
55 79 7702864752932409959723370016700158620742670146338816
79 79 2000608303524113926504203368446319379658727908314112
78 6 255187795956887143483885664337920
6 78 255187795956887143483885664337920
78 30 -215296502721390573034170295018247414616732729344
30 78 -215296502721390573034170295018247414616732729344
78 54 7990672407353110242741476872454068867994790678495232
54 78 7990672407353110242741476872454068867994790678495232
78 78 2549635539321189317570104692089526823601939503604992
77 5 5728395451142281430255492136960
5 77 5728395451142281430255492136960
77 29 -134457350213221783731817298210720264565999796224
29 77 -134457350213221783731817298210720264565999796224
77 53 8129750605285568565267125936436504738840351007047680
53 77 8129750605285568565267125936436504738840351007047680
77 77 3186912313788984651949289253543731732442488146688000
76 4 -356942383227602247123696877568
4 76 -356942383227602247123696877568
76 28 -80690269330598441601451702637234139207825358848
28 76 -80690269330598441601451702637234139207825358848
76 52 8109642895085121125175087822763634661003302493224960
52 76 8109642895085121125175087822763634661003302493224960
76 76 3905966657056485803559417229349850701641700667512832
75 3 43531088742827989586585583616
3 75 43531088742827989586585583616
75 27 -46455105140148112447419065903591576620941443072
27 75 -46455105140148112447419065903591576620941443072
75 51 7928943631733144225017510248005127806849280181796864
51 75 7928943631733144225017510248005127806849280181796864
75 75 4692684525710370229776727486140230073738786454534144
74 2 20838870114280136792604672
2 74 20838870114280136792604672
74 26 -25611495157131777311097233404253228514899132416
26 74 -25611495157131777311097233404253228514899132416
74 50 7595683552481072543820041807655393205106006170796032
50 74 7595683552481072543820041807655393205106006170796032
74 74 5524476928279135477266776003310080634440607189487616
73 1 36500408342442672128
1 73 36500408342442672128
73 25 -13494303529888829160394778345461831205365219328
25 73 -13494303529888829160394778345461831205365219328
73 49 7126809503800784540606064939383598915668340759330816
49 73 7126809503800784540606064939383598915668340759330816
73 73 6370172042929535618738734390879530238750877386842112
72 24 -6779473892124922636342916074062317059494117376
24 72 -6779473892124922636342916074062317059494117376
72 48 6546792691398657021347207087014630608208039117848576
48 72 6546792691398657021347207087014630608208039117848576
72 72 7190847264300682998208106053141599883052776941338624
71 23 -3239306886073364652284203516282907024395599872
23 71 -3239306886073364652284203516282907024395599872
71 47 5885518271928863668318766743951290706742890727473152
47 71 5885518271928863668318766743951290706742890727473152
71 71 7941732383915370575172580356615649110304445189324800
70 22 -1467673806970922867966531493887071928702730240
22 70 -1467673806970922867966531493887071928702730240
70 46 5175707444139951288398821604928091232153488769155072
46 70 5175707444139951288398821604928091232153488769155072
70 70 8575186059328367358537731431016709454325216455688192
69 21 -628381961356792390100292645694433810158977024
21 69 -628381961356792390100292645694433810158977024
69 45 4450183954271916849169061672927566008725372015738880
45 69 4450183954271916849169061672927566008725372015738880
69 69 9044585443353956690093517098738438198920363755962368
68 20 -253194222858706204835826051502337999809544192
20 68 -253194222858706204835826051502337999809544192
68 44 3739309280021971100490103338381635241077067516739584
44 68 3739309280021971100490103338381635241077067516739584
68 68 9308795569795231019411431785354853961603870431379456
67 19 -95538932646020892594665086902950033635672064
19 67 -95538932646020892594665086902950033635672064
67 43 3068872978503245104252209516411204616657766855999488
43 67 3068872978503245104252209516411204616657766855999488
67 67 9336730971337313483362628944652612258595613466165248
66 18 -33557605509148798833275738073675895752622080
18 66 -33557605509148798833275738073675895752622080
66 42 2458644625552988541904405070100114387616035093086208
42 66 2458644625552988541904405070100114387616035093086208
66 66 9111420303417555359039564530294194701652502959882240
65 17 -10890191775643148902597238030075465807429632
17 65 -10890191775643148902597238030075465807429632
65 41 1921687151590105559519571075468482154167629735002112
41 65 1921687151590105559519571075468482154167629735002112
65 65 8632965106183481390076874518981891274991943179829248
64 16 -3234298324198428180441838811694319987064832
16 64 -3234298324198428180441838811694319987064832
64 40 1464418287349357171893079908129551896922124888047616
40 64 1464418287349357171893079908129551896922124888047616
64 64 7919864824080024804073036180083221635489520418816000
63 15 -868190097507485216135838184870886653296640
15 63 -868190097507485216135838184870886653296640
63 39 1087307340385611450686830972719618355952435471581184
39 63 1087307340385611450686830972719618355952435471581184
63 63 7008362927648208988295264870467517924251845196251136
62 14 -207100910198019426229296424765366468608000
14 62 -207100910198019426229296424765366468608000
62 38 786024458419318146679732045583318959861176960286720
38 62 786024458419318146679732045583318959861176960286720
62 62 5949733654187997929161039360558892123808882111807488
61 13 -42844491892850502379470938569380898799616
13 61 -42844491892850502379470938569380898799616
61 37 552827493892793295950326044258388512288947249872896
37 61 552827493892793295950326044258388512288947249872896
61 61 4805735812292774341327072572012337151930288402595840
60 12 -7397712898347330160621916879255876141056
12 60 -7397712898347330160621916879255876141056
60 36 377977831338328354552458396815567886228011746328576
36 60 377977831338328354552458396815567886228011746328576
60 60 3642755686715509752184955964937037429848996122198016
59 11 -993277281772385974667356704699790131200
11 59 -993277281772385974667356704699790131200
59 35 251013936200584691814725594363575917410744977588224
35 59 251013936200584691814725594363575917410744977588224
59 59 2525388116416455542955897336380879716513649885446144
58 10 -86393066815928769719459145740984516608
10 58 -86393066815928769719459145740984516608
58 34 161767909511791938651411866040376684124722624987136
34 58 161767909511791938651411866040376684124722624987136
58 58 1510314984644757479787513702876173916546257725161472
57 9 -684968409748554072030411572796981248
9 57 -684968409748554072030411572796981248
57 33 101072392552003002147817710293567647432496038019072
33 57 101072392552003002147817710293567647432496038019072
57 57 641306053354135156367135260198417237616095855116288
56 8 1132902518968150797946929528874991616
8 56 1132902518968150797946929528874991616
56 32 61160752180062548846000309633694190023620658462720
32 56 61160752180062548846000309633694190023620658462720
56 56 -54010677990346866561330140368229313197949855989760
55 7 182095249027452729227869059834445824
7 55 182095249027452729227869059834445824
55 31 35804415650630787814786205844863776149402713849856
31 55 35804415650630787814786205844863776149402713849856
55 55 -565251904970016145447775755574313073577100870418432
54 6 13898752620185667610295246518222848
6 54 13898752620185667610295246518222848
54 30 20254091978785101824143550588147989923089289838592
30 54 20254091978785101824143550588147989923089289838592
54 54 -898244694767585710210231852602827188166694356910080
53 5 422645374617407790110945813987328
5 53 422645374617407790110945813987328
53 29 11057368689494737217015410520666294057592875384832
29 53 11057368689494737217015410520666294057592875384832
53 53 -1072179709468671734554167986765361998068141267091456
52 4 -17100737442691840753641141043200
4 52 -17100737442691840753641141043200
52 28 5817827042113073576572540975267293148171877744640
28 52 5817827042113073576572540975267293148171877744640
52 52 -1115536093547889277785543728839795836555177234530304
51 3 -1995327437186753931303786119168
3 51 -1995327437186753931303786119168
51 27 2945765637981749932216749622576335325197903069184
27 51 2945765637981749932216749622576335325197903069184
51 51 -1061498785056064917223027299567542326461049407012864
50 2 1900744989136288024201527296
2 50 1900744989136288024201527296
50 26 1433068353435552571553798174883065425127488356352
26 50 1433068353435552571553798174883065425127488356352
50 50 -943584817297936029055981186804213546069687353212928
49 1 -5776136738080303349760
1 49 -5776136738080303349760
49 25 668662014154696930916388114182117644751513583616
25 49 668662014154696930916388114182117644751513583616
49 49 -792063473389636161442005362243642157410281676865536
48 24 298665136872185528094869111816078476200210595840
24 48 298665136872185528094869111816078476200210595840
48 48 -631535711939891927258383775343477012558930300108800
47 23 127433559654615618465003480768819777975175086080
23 47 127433559654615618465003480768819777975175086080
47 47 -479785867236324075623554144620402502233768564097024
46 22 51819165601304721855919943528398699896978276352
22 46 51819165601304721855919943528398699896978276352
46 46 -347788585017686247722529584576092049741466881228800
45 21 20029790892950183123735571300688744304871473152
21 45 20029790892950183123735571300688744304871473152
45 45 -240588962097049176872650975165119268143318572204032
44 20 7338036322833110429217524904757008006748569600
20 44 7338036322833110429217524904757008006748569600
44 44 -158695412191027299849563583269253524741582990868480
43 19 2539683960524988390764354729792458495423938560
19 43 2539683960524988390764354729792458495423938560
43 43 -99631276836741697813110706298344160232142937260032
42 18 827302265441305140452811282218636246287122432
18 42 827302265441305140452811282218636246287122432
42 42 -59362321596951048606193121082526977165040136749056
41 17 252575432951633362444563680103907702358409216
17 41 252575432951633362444563680103907702358409216
41 41 -33422538318647567167530638119700425304371223330816
40 16 71917625501302797609202870772082492502441984
16 40 71917625501302797609202870772082492502441984
40 40 -17669142443006425298508380619597823841907018563584
39 15 18989812225857395330791388354074413790920704
15 39 18989812225857395330791388354074413790920704
39 39 -8685610207514449102577734159531129251287667834880
38 14 4618777475198058162781766826228360629190656
14 38 4618777475198058162781766826228360629190656
38 38 -3906676499815886359985099320604032447692429852672
37 13 1026507885445006041733458425242824841625600
13 37 1026507885445006041733458425242824841625600
37 37 -1560374697920507219879520222080302887150725103616
36 12 206432814060726968102134100010658370158592
12 36 206432814060726968102134100010658370158592
36 36 -516667109904398699543964257586351680938313777152
35 11 37110885580523282826249680403039164301312
11 35 37110885580523282826249680403039164301312
35 35 -111028785010951776548238786658814219223662854144
34 10 5872344096847279108008607790386049449984
10 34 5872344096847279108008607790386049449984
34 34 14743245812625575959390454931310007034237157376
33 9 801469761863210253643094644015864217600
9 33 801469761863210253643094644015864217600
33 33 35428317306215540747221212724890494520078106624
32 8 91766750247272306405686465935762784256
8 32 91766750247272306405686465935762784256
32 32 26308802528457465037646645797210944999033667584
31 7 8470529963745864497501112148867153920
7 31 8470529963745864497501112148867153920
31 31 14425356190385566295097991052704598371478798336
30 6 593078320446303704425364864486080512
6 30 593078320446303704425364864486080512
30 30 6526736599203238485904590879090948799834619904
29 5 28467891575758245587729701880725504
5 29 28467891575758245587729701880725504
29 29 2488321579977390725182421491111734441119055872
28 4 780336290203431976789387323113472
4 28 780336290203431976789387323113472
28 28 781536357138835774773256194735683836561063936
27 3 8722594277412259050767068954624
3 27 8722594277412259050767068954624
27 27 183730609582237482005417046579385926022070272
26 2 20144897616216510295554654208
2 26 20144897616216510295554654208
26 26 19178028215903410733322528220204920756764672
25 1 394317601319615375343616
1 25 394317601319615375343616
25 25 -9245773607132120308437479575395683373416448
24 24 -7066351941644126637767116005564092958900224
23 23 -2789594889256463123682211084038817615708160
22 22 -739042274342780810700693325681285543231488
21 21 -110289844559975055088396708705087170543616
20 20 8888568670602358370190412077586890883072
19 19 11326378928567658185849695415516524445696
18 18 3610847137621568341224102834220461719552
17 17 544329479150238606228868378712451579904
16 16 -33645018469609128315546414836925595648
15 15 -38240569552363326425209569208965267456
14 14 -8223821367333099072296035893200814080
13 13 -161774418403274590152945491272269824
12 12 317096019263678505747700546776596480
11 11 60675686302995900347126604990775296
10 10 -1746428362914533329424668522708992
9 9 -2669481978477455644634336332873728
8 8 -36634691886056925046284180520960
7 7 24703108142165326212990767202304
6 6 17677390557872400667420420734976
5 5 -4700720061606535471008298565632
4 4 500284936227843532851957989376
3 3 -27860904438838743960278532096
2 2 807562447502572288703725568
1 1 -9671406556917033397649408
