# Weber-f modular polynomial Phi_67^f(X,Y); r=q^(1/48).
68 0 1
0 68 1
67 19 -670
19 67 -670
67 43 67
43 67 67
67 67 -1
66 14 48106
14 66 48106
66 38 43349
38 66 43349
66 62 201
62 66 201
65 9 -209375
9 65 -209375
65 33 3018819
33 65 3018819
65 57 -9782
57 65 -9782
64 4 46364
4 64 46364
64 28 58065483
28 64 58065483
64 52 -53935
52 64 -53935
63 23 429150276
23 63 429150276
63 47 4290948
47 63 4290948
62 18 1288665203
18 62 1288665203
62 42 64023994
42 62 64023994
61 13 1369257292
13 61 1369257292
61 37 236124817
37 61 236124817
61 61 137350
60 8 308447498
8 60 308447498
60 32 -691240608
32 60 -691240608
60 56 4990562
56 60 4990562
59 3 1675000
3 59 1675000
59 27 -6762528889
27 59 -6762528889
59 51 91284686
51 59 91284686
58 22 -15708188190
22 58 -15708188190
58 46 888032874
46 58 888032874
57 17 -11424641814
17 57 -11424641814
57 41 3790053856
41 57 3790053856
56 12 10694447875
12 56 10694447875
56 36 4188670624
36 56 4188670624
55 7 -10954058336
7 55 -10954058336
55 31 -11997280496
31 55 -11997280496
55 55 158614795
54 2 3078784
2 54 3078784
54 26 -30966492016
26 54 -30966492016
54 50 1993853871
50 54 1993853871
53 21 -70799186358
21 53 -70799186358
53 45 10837205244
45 53 10837205244
52 16 -71276464409
16 52 -71276464409
52 40 30168993361
40 52 30168993361
51 11 91397134512
11 51 91397134512
51 35 78468552006
35 51 78468552006
50 6 82474572992
6 50 82474572992
50 30 173562333061
30 50 173562333061
49 1 343040
1 49 343040
49 25 -59321950549
25 49 -59321950549
49 49 15310491265
48 20 318904867246
20 48 318904867246
48 44 62721982464
44 48 62721982464
47 15 566393490864
15 47 566393490864
47 39 246595226724
39 47 246595226724
46 10 -1005324044160
10 46 -1005324044160
46 34 568398640131
34 46 568398640131
45 5 -219724941312
5 45 -219724941312
45 29 461783707380
29 45 461783707380
44 24 2971108358893
24 44 2971108358893
43 19 474575604392
19 43 474575604392
43 43 339297590849
42 14 -1981855489024
14 42 -1981855489024
42 38 934128414648
38 42 934128414648
41 9 3462414791168
9 41 3462414791168
41 33 1275600041195
33 41 1275600041195
40 4 237836218368
4 40 237836218368
40 28 5864713065945
28 40 5864713065945
39 23 -3694269659040
23 39 -3694269659040
38 18 11107989315904
18 38 11107989315904
37 13 6142607613952
13 37 6142607613952
37 37 1687733550598
36 8 -2831321530368
8 36 -2831321530368
36 32 7604794341519
32 36 7604794341519
35 3 -98920660992
3 35 -98920660992
35 27 -10204800329560
27 35 -10204800329560
34 22 36377512968384
22 34 36377512968384
33 17 -40175898627072
17 33 -40175898627072
32 12 17156794875904
12 32 17156794875904
31 7 -7737338003456
7 31 -7737338003456
31 31 -13501868404784
30 2 11363680256
2 30 11363680256
30 26 59784218537472
26 30 59784218537472
29 21 -126256756082688
21 29 -126256756082688
28 16 123572196806656
16 28 123572196806656
27 11 -124192484753408
11 27 -124192484753408
26 6 16783505883136
6 26 16783505883136
25 1 -140509184
1 25 -140509184
25 25 -173720366514688
24 20 256909240172544
20 24 256909240172544
23 15 -355113541435392
15 23 -355113541435392
22 10 232792489721856
10 22 232792489721856
21 5 -8998770180096
5 21 -8998770180096
19 19 -501694177771520
18 14 522676829159424
14 18 522676829159424
17 9 -191437861814272
9 17 -191437861814272
16 4 -904879144960
4 16 -904879144960
13 13 -332639334563840
12 8 83727736635392
8 12 83727736635392
11 3 1312917815296
3 11 1312917815296
7 7 -18434804940800
6 2 215822106624
2 6 215822106624
1 1 8589934592
