# Weber-f modular polynomial Phi_199^f(X,Y); r=q^(1/48).
200 0 1
0 200 1
199 7 -219099
7 199 -219099
199 31 75516719
31 199 75516719
199 55 -186979405
55 199 -186979405
199 79 73766315
79 199 73766315
199 103 -9618267
103 199 -9618267
199 127 547847
127 199 547847
199 151 -15124
151 199 -15124
199 175 199
175 199 199
199 199 -1
198 14 17035697281
14 198 17035697281
198 38 31268472189050
38 198 31268472189050
198 62 423375862475737
62 198 423375862475737
198 86 407092667221119
86 198 407092667221119
198 110 60732099732782
110 198 60732099732782
198 134 1796005855746
134 198 1796005855746
198 158 9603612640
158 198 9603612640
198 182 4396308
182 198 4396308
197 21 -564333269204309
21 197 -564333269204309
197 45 1289316592413859672
45 197 1289316592413859672
197 69 -16500736286955015478
69 197 -16500736286955015478
197 93 8140964703677543687
93 197 8140964703677543687
197 117 -368190970615361347
117 197 -368190970615361347
197 141 3310589796084236
141 197 3310589796084236
197 165 -3207902745103
165 197 -3207902745103
197 189 14145517
189 197 14145517
196 4 397173553
4 196 397173553
196 28 7578174672725131553
28 196 7578174672725131553
196 52 7028027681061151604620
52 196 7028027681061151604620
196 76 19995764119663931346893
76 196 19995764119663931346893
196 100 133985911914569340372
100 196 133985911914569340372
196 124 -9812919947363062153
124 196 -9812919947363062153
196 148 100481503592434545
148 196 100481503592434545
196 172 29565372194082
172 196 29565372194082
196 196 111440
195 11 699625342282002
11 195 699625342282002
195 35 -33273589503656325498149
35 195 -33273589503656325498149
195 59 3752274010624583992889444
59 195 3752274010624583992889444
195 83 -286950104267020905555837
83 195 -286950104267020905555837
195 107 2642805292182331547889
107 195 2642805292182331547889
195 131 -157490304030457820076
131 195 -157490304030457820076
195 155 509422572425600153
155 195 509422572425600153
195 179 -25158049208369
179 195 -25158049208369
194 18 71123832850191500433
18 194 71123832850191500433
194 42 30943187126501006959673060
42 194 30943187126501006959673060
194 66 79353911856037921773192762
66 194 79353911856037921773192762
194 90 -2562197324222802766742381
90 194 -2562197324222802766742381
194 114 167440765529402288561928
114 194 167440765529402288561928
194 138 -311176240590608207449
138 194 -311176240590608207449
194 162 1170412140711202314
162 194 1170412140711202314
194 186 1809411827454
186 194 1809411827454
193 1 -1752792
1 193 -1752792
193 25 931649705501303431091096
25 193 931649705501303431091096
193 49 -2576431080783812068365582444
49 193 -2576431080783812068365582444
193 73 674763560553251274432569031
73 193 674763560553251274432569031
193 97 -44139717039734584832061441
97 193 -44139717039734584832061441
193 121 414823067794975526695753
121 193 414823067794975526695753
193 145 405725291761152420939
145 193 405725291761152420939
193 169 614772480235200072
169 193 614772480235200072
193 193 -3624232974
192 8 36946727996917148
8 192 36946727996917148
192 32 1439827254232613291279888689
32 192 1439827254232613291279888689
192 56 -10249624639420653502908162715
56 192 -10249624639420653502908162715
192 80 6797907460036647966906007871
80 192 6797907460036647966906007871
192 104 -43311491763425392576232916
104 192 -43311491763425392576232916
192 128 -1322163904382570079213862
128 192 -1322163904382570079213862
192 152 3022156562241670729827
152 192 3022156562241670729827
192 176 209849946133400901
176 192 209849946133400901
191 15 -39031431078033772121215
15 191 -39031431078033772121215
191 39 140069484463199691069622487243
39 191 140069484463199691069622487243
191 63 -224123461334039350276168539864
63 191 -224123461334039350276168539864
191 87 15568013951892121883865238606
87 191 15568013951892121883865238606
191 111 46178742831785249110429794
111 191 46178742831785249110429794
191 135 -2140742757994272148619465
135 191 -2140742757994272148619465
191 159 1579656261663073374890
159 191 1579656261663073374890
191 183 9370980579585914
183 191 9370980579585914
190 22 961379042735782464310262653
22 190 961379042735782464310262653
190 46 881830702968776146184723240400
46 190 881830702968776146184723240400
190 70 -455458675452561828873339592595
70 190 -455458675452561828873339592595
190 94 38885789310665712410398674397
94 190 38885789310665712410398674397
190 118 -531130238057941498417716937
118 190 -531130238057941498417716937
190 142 2098534528862398066602985
142 190 2098534528862398066602985
190 166 269372670363849827067
166 190 269372670363849827067
190 190 34318208252598
189 5 5597002738256016
5 189 5597002738256016
189 29 -689465206381095295940240652226
29 189 -689465206381095295940240652226
189 53 11844834741696781420605056569904
53 189 11844834741696781420605056569904
189 77 -1955502311048103879413480814141
77 189 -1955502311048103879413480814141
189 101 57240795802687915079446578180
101 189 57240795802687915079446578180
189 125 -700019307346553336471668379
125 189 -700019307346553336471668379
189 149 2485096087951783589557486
149 189 2485096087951783589557486
189 173 -90846613422008056896
173 189 -90846613422008056896
188 12 558916983528223455790375
12 188 558916983528223455790375
188 36 -2684392508291513506695220543727
36 188 -2684392508291513506695220543727
188 60 19667591033620588336982707438493
60 188 19667591033620588336982707438493
188 84 -349456791283017197699439327611
84 188 -349456791283017197699439327611
188 108 -19239430270967941773209529751
108 188 -19239430270967941773209529751
188 132 600581126723072817671882587
132 188 600581126723072817671882587
188 156 234915717449107933832777
156 188 234915717449107933832777
188 180 -5761308035100790458
180 188 -5761308035100790458
187 19 55857822954883008960141722994
19 187 55857822954883008960141722994
187 43 -37435013549430904005738282756936
43 187 -37435013549430904005738282756936
187 67 114863775451515454832611867971100
67 187 114863775451515454832611867971100
187 91 -521245014812730366247165883839
91 187 -521245014812730366247165883839
187 115 -2006170722157509785458108976
115 187 -2006170722157509785458108976
187 139 635653910418965061408788625
139 187 635653910418965061408788625
187 163 -139996237478054590483317
163 187 -139996237478054590483317
187 187 -66035343171757734
186 2 1090284625984
2 186 1090284625984
186 26 28053420176108311856545012469254
26 186 28053420176108311856545012469254
186 50 663883361396605622791755473940072
50 186 663883361396605622791755473940072
186 74 225290535482152929978361397880381
74 186 225290535482152929978361397880381
186 98 -7762051435549769267760921137470
98 186 -7762051435549769267760921137470
186 122 118571349247365482279752812447
122 186 118571349247365482279752812447
186 146 4544601502530104365366242
146 186 4544601502530104365366242
186 170 17569065663725978818132
170 186 17569065663725978818132
185 9 -312251448624270176969720
9 185 -312251448624270176969720
185 33 79566025621326217740687336307432
33 185 79566025621326217740687336307432
185 57 671297060789169125954145453067104
57 185 671297060789169125954145453067104
185 81 -85188629125395866851335432871049
81 185 -85188629125395866851335432871049
185 105 350004036684414053764690818940
105 185 350004036684414053764690818940
185 129 55132378757390856919188101250
129 185 55132378757390856919188101250
185 153 19575990846839571135212694
153 185 19575990846839571135212694
185 177 1087907174563302533166
177 185 1087907174563302533166
184 16 402822077343951730471664464653
16 184 402822077343951730471664464653
184 40 -1442387271986309355703571347914072
40 184 -1442387271986309355703571347914072
184 64 -3548243598089695602308312607264258
64 184 -3548243598089695602308312607264258
184 88 -118658983339847256075803210751308
88 184 -118658983339847256075803210751308
184 112 6129968836769898314923212818969
112 184 6129968836769898314923212818969
184 136 -11120835549733857670906655612
136 184 -11120835549733857670906655612
184 160 26204532745517649969634812
160 184 26204532745517649969634812
184 184 37110616291031814329
183 23 -283924986394795843613968907132982
23 183 -283924986394795843613968907132982
183 47 8250998004220794433035501848630082
47 183 8250998004220794433035501848630082
183 71 -4353121077875452649346687189730031
71 183 -4353121077875452649346687189730031
183 95 392322387475872443565172361124021
95 183 392322387475872443565172361124021
183 119 -2676490773616255463276135403413
119 183 -2676490773616255463276135403413
183 143 4531824166851287323158324575
143 183 4531824166851287323158324575
183 167 -3722724749545472248890863
167 183 -3722724749545472248890863
182 6 4551925302412256027712
6 182 4551925302412256027712
182 30 1183342118793425462621746898603095
30 182 1183342118793425462621746898603095
182 54 54877806782913599884550025002390088
54 182 54877806782913599884550025002390088
182 78 6380417106372455542735238278861441
78 182 6380417106372455542735238278861441
182 102 242148179256636848579566743214248
102 182 242148179256636848579566743214248
182 126 -2547483477033617699637737129032
126 182 -2547483477033617699637737129032
182 150 -105348738345821112971250378
150 182 -105348738345821112971250378
182 174 -11643673945997229962019
174 182 -11643673945997229962019
181 13 446862583639064071681133783952
13 181 446862583639064071681133783952
181 37 100957696479743751276172616631501697
37 181 100957696479743751276172616631501697
181 61 40409606289650976206478042473230824
61 181 40409606289650976206478042473230824
181 85 11070897272833857660845894147389986
85 181 11070897272833857660845894147389986
181 109 -64341104762693980119135846655426
109 181 -64341104762693980119135846655426
181 133 -130514192830540841740468367525
133 181 -130514192830540841740468367525
181 157 -1715840315824260130467842745
157 181 -1715840315824260130467842745
181 181 -9978152033855755963761
180 20 1268539058654236646977927904280214
20 180 1268539058654236646977927904280214
180 44 25565345435141012180021945656386806
44 180 25565345435141012180021945656386806
180 68 -5557390282198277769534732364634119
68 180 -5557390282198277769534732364634119
180 92 1750935292935404712156916264350137
92 180 1750935292935404712156916264350137
180 116 36981916999734670624259739449808
116 180 36981916999734670624259739449808
180 140 -397077299675730066585539422506
140 180 -397077299675730066585539422506
180 164 465133507648499992618286278
164 180 465133507648499992618286278
179 3 -288938633832606208
3 179 -288938633832606208
179 27 -11703976092525896470284917261629178
27 179 -11703976092525896470284917261629178
179 51 -1216172013069067375419639739510339846
51 179 -1216172013069067375419639739510339846
179 75 23325739532318323144492396756006928
75 179 23325739532318323144492396756006928
179 99 -3362769925675937804691590960700894
99 179 -3362769925675937804691590960700894
179 123 60756993211264711523149031468704
123 179 60756993211264711523149031468704
179 147 -62942208018387960210374671756
147 179 -62942208018387960210374671756
179 171 -16121009746138827312982315
171 179 -16121009746138827312982315
178 10 61528258735090077715856809792
10 178 61528258735090077715856809792
178 34 -430486398316045194435457949167376237
34 178 -430486398316045194435457949167376237
178 58 177388212485116769173252494561197824
58 178 177388212485116769173252494561197824
178 82 -79198846749116926304417070868169382
82 178 -79198846749116926304417070868169382
178 106 749877231847082915934432469099034
106 178 749877231847082915934432469099034
178 130 14716898793564250794401268094292
130 178 14716898793564250794401268094292
178 154 57340146482011660934215028870
154 178 57340146482011660934215028870
178 178 1492305420402084240701868
177 17 -2271399891158366748911751257063856
17 177 -2271399891158366748911751257063856
177 41 56055941979097555621920639462545008
41 177 56055941979097555621920639462545008
177 65 2838861067026703494333217622802915688
65 177 2838861067026703494333217622802915688
177 89 -107142900166020373030219585383082118
89 177 -107142900166020373030219585383082118
177 113 353870196266137081447760408240684
113 177 353870196266137081447760408240684
177 137 16892310075172146810903986756175
137 177 16892310075172146810903986756175
177 161 -30526276805299859038600845028
161 177 -30526276805299859038600845028
176 24 96742424253792979896776530998159819
24 176 96742424253792979896776530998159819
176 48 18086158973936494541112710410128160566
48 176 18086158973936494541112710410128160566
176 72 509452134558957544749198567105309798
72 176 509452134558957544749198567105309798
176 96 23449608539722146075023017472165973
96 176 23449608539722146075023017472165973
176 120 -910353981329969689352001678088439
120 176 -910353981329969689352001678088439
176 144 2812977042266877540239491790350
144 176 2812977042266877540239491790350
176 168 2043648178900798241176559616
168 176 2043648178900798241176559616
175 7 477004649216667356718641152
7 175 477004649216667356718641152
175 31 -3522988232043739024976213974340219237
31 175 -3522988232043739024976213974340219237
175 55 2490790799083340269488763918321508434
55 175 2490790799083340269488763918321508434
175 79 -354464397904095353609526383687394448
79 175 -354464397904095353609526383687394448
175 103 -948123940299944616078324859625605
103 175 -948123940299944616078324859625605
175 127 -540668718252927424674584562804805
127 175 -540668718252927424674584562804805
175 151 -950381495513311785228047063379
151 175 -950381495513311785228047063379
175 175 -140955195028113486013343777
174 14 1795418891270931958818880798032256
14 174 1795418891270931958818880798032256
174 38 1669890832318843424292514568995935403
38 174 1669890832318843424292514568995935403
174 62 -33266340170551456383618117886614941976
62 174 -33266340170551456383618117886614941976
174 86 819468103997922465889434297562966077
86 174 819468103997922465889434297562966077
174 110 -9083957971019672533751257040813904
110 174 -9083957971019672533751257040813904
174 134 -396405045779919131833933208372446
134 174 -396405045779919131833933208372446
174 158 1181129604023251378122532749554
158 174 1181129604023251378122532749554
173 21 -93631808740207171762279338093033424
21 173 -93631808740207171762279338093033424
173 45 -133521254611604037718370261425954059708
45 173 -133521254611604037718370261425954059708
173 69 -6502609891202884175413604568100952168
69 173 -6502609891202884175413604568100952168
173 93 -610710265379663004050979662294348356
93 173 -610710265379663004050979662294348356
173 117 14858019223158413685412759555482008
117 173 14858019223158413685412759555482008
173 141 -73825674222744227158053292557384
141 173 -73825674222744227158053292557384
173 165 -124099375274051037233275611143
165 173 -124099375274051037233275611143
172 4 31040203459482138841088
4 172 31040203459482138841088
172 28 23367272428666313382261996605691370157
28 172 23367272428666313382261996605691370157
172 52 58960048657610225740618476431587822034
52 172 58960048657610225740618476431587822034
172 76 18065360366527928715055964064568181809
76 172 18065360366527928715055964064568181809
172 100 -374741579007937514839864134382928784
100 172 -374741579007937514839864134382928784
172 124 11769446033651722723510926646002191
124 172 11769446033651722723510926646002191
172 148 778707929379110264268630112201
148 172 778707929379110264268630112201
172 172 8961056432231397735481417374
171 11 -353006185667120791521403213939712
11 171 -353006185667120791521403213939712
171 35 -77941435475659000114324433469345341066
35 171 -77941435475659000114324433469345341066
171 59 273454624757362037029634089533354927388
59 171 273454624757362037029634089533354927388
171 83 -5065801301196366266924715742105062628
83 171 -5065801301196366266924715742105062628
171 107 64925446286901183507503794183619479
107 171 64925446286901183507503794183619479
171 131 6055181868802627153373111030044255
131 171 6055181868802627153373111030044255
171 155 -29284815169521686108188921926716
155 171 -29284815169521686108188921926716
170 18 75733895602779229607791801510598080
18 170 75733895602779229607791801510598080
170 42 788452570573786970840761316614316472564
42 170 788452570573786970840761316614316472564
170 66 206036423224471746580478705043277881712
66 170 206036423224471746580478705043277881712
170 90 3368758166968519906362089783737245840
90 170 3368758166968519906362089783737245840
170 114 -213391205859933975338597515024887160
114 170 -213391205859933975338597515024887160
170 138 1692893108717613418511048562206752
138 170 1692893108717613418511048562206752
170 162 4574164315158957903387802158372
162 170 4574164315158957903387802158372
169 1 2474531848192
1 169 2474531848192
169 25 -28183905856349912199809711794721753896
25 169 -28183905856349912199809711794721753896
169 49 -1058858800327497323988868130027947962592
49 169 -1058858800327497323988868130027947962592
169 73 -228688429366813720362782076138116758632
73 169 -228688429366813720362782076138116758632
169 97 4765708232068794512937257486108161676
97 169 4765708232068794512937257486108161676
169 121 -154712550579469648086598779510797540
121 169 -154712550579469648086598779510797540
169 145 259409788573922243483024736031786
145 169 259409788573922243483024736031786
169 169 -393922881789153127398287776931
168 8 5897532433336784041082424070144
8 168 5897532433336784041082424070144
168 32 423465228558872717133544238689531523109
32 168 423465228558872717133544238689531523109
168 56 -546904372802866245557070913266969241372
56 168 -546904372802866245557070913266969241372
168 80 40124455880062679511335462623170910651
80 168 40124455880062679511335462623170910651
168 104 -194946897949392444768854695172215161
104 168 -194946897949392444768854695172215161
168 128 -74735059554785926960714614892295839
128 168 -74735059554785926960714614892295839
168 152 491242962079919889902179716199067
152 168 491242962079919889902179716199067
167 15 40737805118119023483231916189405184
15 167 40737805118119023483231916189405184
167 39 -4879644464488213191641014752564989607828
39 167 -4879644464488213191641014752564989607828
167 63 -1943083576643520755245204708501327846391
63 167 -1943083576643520755245204708501327846391
167 87 16786574222729952065127454250401739456
87 167 16786574222729952065127454250401739456
167 111 2802438177757059931548658284142542278
111 167 2802438177757059931548658284142542278
167 135 -32725280655565993094327563458772442
135 167 -32725280655565993094327563458772442
167 159 -112708032270853856870043354174103
159 167 -112708032270853856870043354174103
166 22 -27551129492226892443869308746712079168
22 166 -27551129492226892443869308746712079168
166 46 7331347662210296914119947551149064471101
46 166 7331347662210296914119947551149064471101
166 70 2643770186331065582566970715780240123866
70 166 2643770186331065582566970715780240123866
166 94 -45815516746977931871627198244085609701
94 166 -45815516746977931871627198244085609701
166 118 1629527167924114000483665716215573575
118 166 1629527167924114000483665716215573575
166 142 -4142599925405909649655483945295942
142 166 -4142599925405909649655483945295942
166 166 12258618669866597114892644482841
165 5 -1090308980855810473923346432
5 165 -1090308980855810473923346432
165 29 -623531483805272000914595467754762728528
29 165 -623531483805272000914595467754762728528
165 53 -9959087970766274544560541500490464166969
53 165 -9959087970766274544560541500490464166969
165 77 55343438267819442303180877956409849704
77 165 55343438267819442303180877956409849704
165 101 -15010388623277281749219856266447306168
101 165 -15010388623277281749219856266447306168
165 125 866210548183754757750368221614059101
125 165 866210548183754757750368221614059101
165 149 -5894658894980894383687404339797862
149 165 -5894658894980894383687404339797862
164 12 -10995271713962039323423623347105792
12 164 -10995271713962039323423623347105792
164 36 19248262999477149305989358526372462466068
36 164 19248262999477149305989358526372462466068
164 60 10285537344283938966234139993044676378043
60 164 10285537344283938966234139993044676378043
164 84 -496321577419509729550809166930826541522
84 164 -496321577419509729550809166930826541522
164 108 -33859880559066912233823508425841101861
108 164 -33859880559066912233823508425841101861
164 132 469225007156634743267489311769129343
132 164 469225007156634743267489311769129343
164 156 1971332395583936929116386085197212
156 164 1971332395583936929116386085197212
163 19 51690340597628800653400379715328868864
19 163 51690340597628800653400379715328868864
163 43 -38055721912274226160487554409173161424294
43 163 -38055721912274226160487554409173161424294
163 67 -21205988219573438297798736924895069607283
67 163 -21205988219573438297798736924895069607283
163 91 478724460113968471588202147369552477020
91 163 478724460113968471588202147369552477020
163 115 -15649773036324941197137587277031374503
115 163 -15649773036324941197137587277031374503
163 139 5067774822345635029863517037552801
139 163 5067774822345635029863517037552801
163 163 -277288496049212534601841282410111
162 2 8196842373526323200
2 162 8196842373526323200
162 26 106873013268405979154720932415739865792
26 162 106873013268405979154720932415739865792
162 50 94641814864236878074372076133902624999765
50 162 94641814864236878074372076133902624999765
162 74 -4094682949145629555480221446201454058748
74 162 -4094682949145629555480221446201454058748
162 98 320288226994188872472041275143278040720
98 162 320288226994188872472041275143278040720
162 122 -8280311646439916379386800433742560605
122 162 -8280311646439916379386800433742560605
162 146 56733294652051510134606007267614047
146 162 56733294652051510134606007267614047
161 9 4589796866890127476969389661978624
9 161 4589796866890127476969389661978624
161 33 -39037155715905705533128118020519916862624
33 161 -39037155715905705533128118020519916862624
161 57 -43238573221298480709238175176067067113928
57 161 -43238573221298480709238175176067067113928
161 81 6985992564265062425641675238459283008192
81 161 6985992564265062425641675238459283008192
161 105 346510911848150093892203478841178002875
105 161 346510911848150093892203478841178002875
161 129 -5100487043741244154187925390785415624
129 161 -5100487043741244154187925390785415624
161 153 -25842801447688703490768808883261811
153 161 -25842801447688703490768808883261811
160 16 -5908018266055923120961828241056038912
16 160 -5908018266055923120961828241056038912
160 40 138394581033154920053793492704318697178547
40 160 138394581033154920053793492704318697178547
160 64 105679463777503878702075413584361262653087
64 160 105679463777503878702075413584361262653087
160 88 -5122206830985531997748252699118111489379
88 160 -5122206830985531997748252699118111489379
160 112 127014478724245356133041341421161134322
112 160 127014478724245356133041341421161134322
160 136 769696674166735865817996856444597940
136 160 769696674166735865817996856444597940
160 160 4693530816789937482175203717927680
159 23 28700642293297948478423367404823044096
23 159 28700642293297948478423367404823044096
159 47 -483302462957894498185177114395504882754539
47 159 -483302462957894498185177114395504882754539
159 71 45884953262081440361889288813544498166597
71 159 45884953262081440361889288813544498166597
159 95 -3391977863101094654021305833704754276582
95 159 -3391977863101094654021305833704754276582
159 119 59227383892633132160867538700809333479
119 159 59227383892633132160867538700809333479
159 143 -552337598788671006323301839727882191
143 159 -552337598788671006323301839727882191
158 6 8111570846089479968436534640640
6 158 8111570846089479968436534640640
158 30 50460964516722366133808724263316254244096
30 158 50460964516722366133808724263316254244096
158 54 133527425420126147073213234735480005629401
54 158 133527425420126147073213234735480005629401
158 78 -68126170549574011558308184558817652162392
78 158 -68126170549574011558308184558817652162392
158 102 -3149751156049112805830000790526435770193
102 158 -3149751156049112805830000790526435770193
158 126 47597538540971602920502638617390207988
126 158 47597538540971602920502638617390207988
158 150 273554433920342767425993743579199153
150 158 273554433920342767425993743579199153
157 13 -1226670523987751862460032049379278848
13 157 -1226670523987751862460032049379278848
157 37 -304445775298193809283900435273385291394352
37 157 -304445775298193809283900435273385291394352
157 61 -324631835590113486483415076463978933600494
61 157 -324631835590113486483415076463978933600494
157 85 50001704856486846036730751216795393903032
85 157 50001704856486846036730751216795393903032
157 109 -756626989249075013329927704440639793573
109 157 -756626989249075013329927704440639793573
157 133 -16088955082571646532501476684326672417
133 157 -16088955082571646532501476684326672417
157 157 -61594254207094304661567382026516347
156 20 104715654902337585889369889408560357376
20 156 104715654902337585889369889408560357376
156 44 1670195903897945848174661766564177307400819
44 156 1670195903897945848174661766564177307400819
156 68 -360226875748830583144411822840858549612625
68 156 -360226875748830583144411822840858549612625
156 92 25202937605995804406490324148283174186019
92 156 25202937605995804406490324148283174186019
156 116 -333304284255232595947964503437418026222
116 156 -333304284255232595947964503437418026222
156 140 6437470972923181973400561069137701364
140 156 6437470972923181973400561069137701364
155 3 2703892870413910638854144
3 155 2703892870413910638854144
155 27 -68362882361141267311805573850088478570496
27 155 -68362882361141267311805573850088478570496
155 51 -315412751981370378863342820045511895937478
51 155 -315412751981370378863342820045511895937478
155 75 440166959139133584475512928211343927024800
75 155 440166959139133584475512928211343927024800
155 99 26777887660403940096008977569325268900220
99 155 26777887660403940096008977569325268900220
155 123 -407165752855203087706856647410371405294
123 155 -407165752855203087706856647410371405294
155 147 -2613824878067014466101131449125325624
147 155 -2613824878067014466101131449125325624
154 10 231166627799046854065448089131417600
10 154 231166627799046854065448089131417600
154 34 469206250381459002503676643273540126150464
34 154 469206250381459002503676643273540126150464
154 58 477596356498390145303752256179961012775690
58 154 477596356498390145303752256179961012775690
154 82 -393996989376394518012359913043014356209620
82 154 -393996989376394518012359913043014356209620
154 106 1870224038507923663376955361039873291017
106 154 1870224038507923663376955361039873291017
154 130 213590628524468254772313854542057718177
130 154 213590628524468254772313854542057718177
154 154 659215938431650244921284776528007391
153 17 270368702602306991981707324575910526976
17 153 270368702602306991981707324575910526976
153 41 -3866419703663155985481416915164039062036312
41 153 -3866419703663155985481416915164039062036312
153 65 2215729962660879704683588884752717129587224
65 153 2215729962660879704683588884752717129587224
153 89 -152783879932467802596694888222869445671376
89 153 -152783879932467802596694888222869445671376
153 113 1799593363571695221370044812218384947805
113 153 1799593363571695221370044812218384947805
153 137 -79874146154041537850572926915269988316
137 153 -79874146154041537850572926915269988316
152 24 74080907157243881640397661839884945678336
24 152 74080907157243881640397661839884945678336
152 48 793889706148015386586741826041482334671537
48 152 793889706148015386586741826041482334671537
152 72 -1824351573381965555269047626572534723946544
72 152 -1824351573381965555269047626572534723946544
152 96 -199844999646298103371248676807975945265338
96 152 -199844999646298103371248676807975945265338
152 120 3071798552268876467581448422875396509014
120 152 3071798552268876467581448422875396509014
152 144 25194148019945402368131806401257477160
144 152 25194148019945402368131806401257477160
151 7 -5403167593927933046797017953599488
7 151 -5403167593927933046797017953599488
151 31 -542135705767678629882300482574309356847104
31 151 -542135705767678629882300482574309356847104
151 55 726688254000326492721464189925071959230834
55 151 726688254000326492721464189925071959230834
151 79 2237660111944344910174557496501945633453688
79 151 2237660111944344910174557496501945633453688
151 103 23696875812780915627489243803048851130850
103 151 23696875812780915627489243803048851130850
151 127 -2217923920672918735441735048542773399129
127 151 -2217923920672918735441735048542773399129
151 151 -6180378739443158364355950728526248394
150 14 174033039889951784381121946960546234368
14 150 174033039889951784381121946960546234368
150 38 6057076151311160196759812872569767999984960
38 150 6057076151311160196759812872569767999984960
150 62 -10607774757753521701515061510569483278102369
62 150 -10607774757753521701515061510569483278102369
150 86 848932034042354864904696927181039865965652
86 150 848932034042354864904696927181039865965652
150 110 -12474402908323948682579969289332754395986
110 150 -12474402908323948682579969289332754395986
150 134 905526824823126158314908915104422847047
134 150 905526824823126158314908915104422847047
149 21 -39851524524247199757750754984274816073728
21 149 -39851524524247199757750754984274816073728
149 45 -2523302015850963030906742560364095167499824
45 149 -2523302015850963030906742560364095167499824
149 69 3975772690611968701001407364801509008392577
69 149 3975772690611968701001407364801509008392577
149 93 1218768545069755176863958604499174821606320
93 149 1218768545069755176863958604499174821606320
149 117 -19492586887979291649561249910909141214176
117 149 -19492586887979291649561249910909141214176
149 141 -250904761886605710005231729829255037046
141 149 -250904761886605710005231729829255037046
148 4 117910738459142049679456337920
4 148 117910738459142049679456337920
148 28 241500359301571484633573279463783719051264
28 148 241500359301571484633573279463783719051264
148 52 -5105654430424066107362333497765845771475882
52 148 -5105654430424066107362333497765845771475882
148 76 -8141871138325380005795960402681052342176740
76 148 -8141871138325380005795960402681052342176740
148 100 -388199163648706816740908987411047844829109
100 148 -388199163648706816740908987411047844829109
148 124 18979908013000301391244090230449653652320
124 148 18979908013000301391244090230449653652320
148 148 54847902887845523796401613740804072258
147 11 24840418868218888549784735595687313408
11 147 24840418868218888549784735595687313408
147 35 -5099053041032332566814997248251117653488128
35 147 -5099053041032332566814997248251117653488128
147 59 40568552033820798751018498699581116881800390
59 147 40568552033820798751018498699581116881800390
147 83 -5025939492412544389849991018175211855998852
83 147 -5025939492412544389849991018175211855998852
147 107 110485046828275430016726169464114602765108
107 147 110485046828275430016726169464114602765108
147 131 -8899715007911572051982118538112623837795
131 147 -8899715007911572051982118538112623837795
146 18 14385887781300102728135481754226547228672
18 146 14385887781300102728135481754226547228672
146 42 8545755226888073412685647023070720360281664
42 146 8545755226888073412685647023070720360281664
146 66 4517547121496935866176813475972280883109043
66 146 4517547121496935866176813475972280883109043
146 90 -5884852697143228225405785790332216091594444
90 146 -5884852697143228225405785790332216091594444
146 114 103167134014864985431928681019357050420000
114 146 103167134014864985431928681019357050420000
146 138 2436710080383720370717799041021408974966
138 146 2436710080383720370717799041021408974966
145 1 -25095950921891840
1 145 -25095950921891840
145 25 81618232904362893950607816075559188365312
25 145 81618232904362893950607816075559188365312
145 49 5813506032002611941771713519400575673846672
49 145 5813506032002611941771713519400575673846672
145 73 11255847818411735901493797135256928516592912
73 145 11255847818411735901493797135256928516592912
145 97 3237339244043896737803727633114867684681204
97 145 3237339244043896737803727633114867684681204
145 121 -137547063098337645037055479680357346537435
121 145 -137547063098337645037055479680357346537435
145 145 -481280607616694371252386074544343946050
144 8 -171960166494482418679446874032701440
8 144 -171960166494482418679446874032701440
144 32 -2240120311000540141801762460741506012659712
32 144 -2240120311000540141801762460741506012659712
144 56 -126778282129875996305538921512575787870088389
56 144 -126778282129875996305538921512575787870088389
144 80 32638668529241664451836994919036809308004668
80 144 32638668529241664451836994919036809308004668
144 104 -941737402631825906864733002879011939445751
104 144 -941737402631825906864733002879011939445751
144 128 75653960053082412352467452205300273605184
128 144 75653960053082412352467452205300273605184
143 15 1407811973628127610832988045190583287808
15 143 1407811973628127610832988045190583287808
143 39 -22138149489304822123129945690146338362331136
39 143 -22138149489304822123129945690146338362331136
143 63 -73410087350351707729121765907029472921722493
63 143 -73410087350351707729121765907029472921722493
143 87 21641283003797351315576690477199336440845544
87 143 21641283003797351315576690477199336440845544
143 111 -459014356886357944321449648167722049587268
111 143 -459014356886357944321449648167722049587268
143 135 -21854328438588505588000591649216162596758
135 143 -21854328438588505588000591649216162596758
142 22 46501255573698450338153101934250642374656
22 142 46501255573698450338153101934250642374656
142 46 30566166815896969299440144395517504817644160
46 142 30566166815896969299440144395517504817644160
142 70 67540693816922518820807593311577843263361467
70 142 67540693816922518820807593311577843263361467
142 94 -19142507719573635856104594421279443700223696
94 142 -19142507719573635856104594421279443700223696
142 118 868828982536104104518919746754628052761854
118 142 868828982536104104518919746754628052761854
142 142 4139749661203800161708889528816307268682
141 5 503621692539479524470789328863232
5 141 503621692539479524470789328863232
141 29 8960561144049239229387049845828974260649984
29 141 8960561144049239229387049845828974260649984
141 53 324548416270566390008147989596648935054403120
53 141 324548416270566390008147989596648935054403120
141 77 -201042604609371612654417237057616307487643544
77 141 -201042604609371612654417237057616307487643544
141 101 6658087779835311808465779764005988020510312
101 141 6658087779835311808465779764005988020510312
141 125 -562915567618629590634125884475098263183161
125 141 -562915567618629590634125884475098263183161
140 12 329967422970715872576639670960403775488
12 140 329967422970715872576639670960403775488
140 36 42129560962187014005695037411510994444464128
36 140 42129560962187014005695037411510994444464128
140 60 290312284816202577408021218390636599664213493
60 140 290312284816202577408021218390636599664213493
140 84 -51879002646006219830977173868371469544915512
84 140 -51879002646006219830977173868371469544915512
140 108 1702368453177304449586914516686237752157338
108 140 1702368453177304449586914516686237752157338
140 132 177183567269774903831275291595361587026191
132 140 177183567269774903831275291595361587026191
139 19 84745086649554124053367839728820969013248
19 139 84745086649554124053367839728820969013248
139 43 -166211499822138105079508519149557214003452928
43 139 -166211499822138105079508519149557214003452928
139 67 -539457932624502130580763520262632642593004218
67 139 -539457932624502130580763520262632642593004218
139 91 87977462703330799118762747257917520379228500
91 139 87977462703330799118762747257917520379228500
139 115 -4920311693419866833871565919506172933244548
115 139 -4920311693419866833871565919506172933244548
139 139 -33880211290083885329819746165362951162825
138 2 454596370812271002124288
2 138 454596370812271002124288
138 26 -8720571477669040982227187895268787349356544
26 138 -8720571477669040982227187895268787349356544
138 50 -678897584496225388896963936676446929798551616
50 138 -678897584496225388896963936676446929798551616
138 74 1037846605980353373080531037916538404359409448
74 138 1037846605980353373080531037916538404359409448
138 98 -38172880300905679997594827681847055610192960
98 138 -38172880300905679997594827681847055610192960
138 122 3720119030312065972334575273216080445126773
122 138 3720119030312065972334575273216080445126773
137 9 -30081341771750610656663513965623508992
9 137 -30081341771750610656663513965623508992
137 33 -63670962639454888107874867888171510870540288
33 137 -63670962639454888107874867888171510870540288
137 57 -587280698802813661832974127256235783373779944
57 137 -587280698802813661832974127256235783373779944
137 81 4113317022832520923963903161527690245287040
81 137 4113317022832520923963903161527690245287040
137 105 -5000038217356446760629034577219477023374560
105 137 -5000038217356446760629034577219477023374560
137 129 -1294469106077574230177023118529506344539417
129 137 -1294469106077574230177023118529506344539417
136 16 -59529649265768010494176659207595625545728
16 136 -59529649265768010494176659207595625545728
136 40 432863083632655887163700894041543731827044352
40 136 432863083632655887163700894041543731827044352
136 64 1985509993101015345344464999435580411086259865
64 136 1985509993101015345344464999435580411086259865
136 88 -328008238328365107549493218541280956328502116
88 136 -328008238328365107549493218541280956328502116
136 112 25482172481800623780480888158613328942448697
112 136 25482172481800623780480888158613328942448697
136 136 258361067837970022955233517417878938810213
135 23 5953523164437185286547896004096380240920576
23 135 5953523164437185286547896004096380240920576
135 47 1134453740882370408797997508993391170348658688
47 135 1134453740882370408797997508993391170348658688
135 71 -4263457135353362270190137449233363090570203592
71 135 -4263457135353362270190137449233363090570203592
135 95 180822512679158563617026681897566489769533515
95 135 180822512679158563617026681897566489769533515
135 119 -22133504937840693246410284639817940456908647
119 135 -22133504937840693246410284639817940456908647
134 6 85205614057837383537917310573477888
6 134 85205614057837383537917310573477888
134 30 54011212129755921535593009654865037023510528
30 134 54011212129755921535593009654865037023510528
134 54 289123015775803895435316062462225976518978752
54 134 289123015775803895435316062462225976518978752
134 78 706310649281658791547302602416974240986784645
78 134 706310649281658791547302602416974240986784645
134 102 9985869882291684578902361501503793935148010
102 134 9985869882291684578902361501503793935148010
134 126 8541865137013161628035189591509202963253016
126 134 8541865137013161628035189591509202963253016
133 13 15416754970604578504519785224917011660800
13 133 15416754970604578504519785224917011660800
133 37 -694877821978982426142269011554961640891449344
37 133 -694877821978982426142269011554961640891449344
133 61 -4315663460996017044646108162101061140744033744
61 133 -4315663460996017044646108162101061140744033744
133 85 1018276152347538964600082376760405298913185199
85 133 1018276152347538964600082376760405298913185199
133 109 -121860810407154170121020230680237794892243712
109 133 -121860810407154170121020230680237794892243712
133 133 -1817120922620027006198174167736422261777026
132 20 -93237537160741460967482424383657375432704
20 132 -93237537160741460967482424383657375432704
132 44 -1475489283067210068559510826356156619213312000
44 132 -1475489283067210068559510826356156619213312000
132 68 13679448719782348798728167185694332905301040904
68 132 13679448719782348798728167185694332905301040904
132 92 -731280494416874410037478227959672427282934287
92 132 -731280494416874410037478227959672427282934287
132 116 119810422546421363382926451384938969118007975
116 132 119810422546421363382926451384938969118007975
131 3 -141740245424784525802367614976
3 131 -141740245424784525802367614976
131 27 -13636961338555910954236991647202048041025536
27 131 -13636961338555910954236991647202048041025536
131 51 2035595617593327974912720570778372612296999424
51 131 2035595617593327974912720570778372612296999424
131 75 -4092878095513812955807793552180160497857208934
75 131 -4092878095513812955807793552180160497857208934
131 99 -3543452550244894275361774777028462463909993
99 131 -3543452550244894275361774777028462463909993
131 123 -51116626923146981864905105805139319372250712
123 131 -51116626923146981864905105805139319372250712
130 10 -489045028937057763607235519124372193280
10 130 -489045028937057763607235519124372193280
130 34 693048491725570856076435971317495267030728704
34 130 693048491725570856076435971317495267030728704
130 58 4322604404283041204531685971940981968855133888
58 130 4322604404283041204531685971940981968855133888
130 82 -2717194175877087311826329303295430348503173907
82 130 -2717194175877087311826329303295430348503173907
130 106 540487618022513997007233342368162769178899860
106 130 540487618022513997007233342368162769178899860
130 130 11725127666030329541282471312667745151388774
129 17 -584266020781354321566893038932269694189568
17 129 -584266020781354321566893038932269694189568
129 41 1503558148491884637778388215842226115923050496
41 129 1503558148491884637778388215842226115923050496
129 65 -34107657082826898161521099593866904724561628736
65 129 -34107657082826898161521099593866904724561628736
129 89 2627780155956050478974602336575619632138200104
89 129 2627780155956050478974602336575619632138200104
129 113 -594297786091101245025904897592218047217744792
113 129 -594297786091101245025904897592218047217744792
128 24 8547188503156695463086970187216277227962368
24 128 8547188503156695463086970187216277227962368
128 48 -7472544044572530914382019078441102229285044224
48 128 -7472544044572530914382019078441102229285044224
128 72 14140653933006101362476053565345688673997326287
72 128 14140653933006101362476053565345688673997326287
128 96 -82048243735680550800143211192419941489992491
96 128 -82048243735680550800143211192419941489992491
128 120 278771416163972304991822290409981765409721043
120 128 278771416163972304991822290409981765409721043
127 7 5796174850217459780316409890814820352
7 127 5796174850217459780316409890814820352
127 31 -479594397023472127286249156537203836598616064
31 127 -479594397023472127286249156537203836598616064
127 55 5762994083026808781564824133251547400495570944
55 127 5762994083026808781564824133251547400495570944
127 79 6710147156872196279305527967666284083695895925
79 127 6710147156872196279305527967666284083695895925
127 103 -2230123248575334983009543583994115755392046649
103 127 -2230123248575334983009543583994115755392046649
127 127 -69262867954707485587131097880594916647364002
126 14 241903870498543606481910047891270028754944
14 126 241903870498543606481910047891270028754944
126 38 -1073396567020831914191807170793033972776435712
38 126 -1073396567020831914191807170793033972776435712
126 62 66422182782742615877153986426658457879002204672
62 126 66422182782742615877153986426658457879002204672
126 86 -8705397544323176824181594609771681085468476167
86 126 -8705397544323176824181594609771681085468476167
126 110 2714165194614782028974591411056055559636700912
110 126 2714165194614782028974591411056055559636700912
125 21 3130727763947547905223585205865820228419584
21 125 3130727763947547905223585205865820228419584
125 45 14423390917071129296093607631629317800748646400
45 125 14423390917071129296093607631629317800748646400
125 69 -32743024764110503646462348417441283982857671472
69 125 -32743024764110503646462348417441283982857671472
125 93 547275624983958736501624109398702821216178230
93 125 547275624983958736501624109398702821216178230
125 117 -1392377193195213590120747423753457500819435872
117 125 -1392377193195213590120747423753457500819435872
124 4 1374098447239789050331114659381248
4 124 1374098447239789050331114659381248
124 28 303086452987078230085096361199498332936863744
28 124 303086452987078230085096361199498332936863744
124 52 -33349104182580756503740253809381590393555927040
52 124 -33349104182580756503740253809381590393555927040
124 76 -17605755552877805051670170198784595256027200893
76 124 -17605755552877805051670170198784595256027200893
124 100 8572651439008558848734545137460169692729592369
100 124 8572651439008558848734545137460169692729592369
124 124 374866893480939148068520708080252885822379288
123 11 -16797636946408051289783255516518098665472
11 123 -16797636946408051289783255516518098665472
123 35 116063602250234079065000384568040829126443008
35 123 116063602250234079065000384568040829126443008
123 59 -102933813559998265679061625373499549433673494528
59 123 -102933813559998265679061625373499549433673494528
123 83 27101155747511186450761537676423888492103001834
83 123 27101155747511186450761537676423888492103001834
123 107 -11451468847818865526815043044764783268014033956
107 123 -11451468847818865526815043044764783268014033956
122 18 6850920701677162437815444698619304302608384
18 122 6850920701677162437815444698619304302608384
122 42 -17858866852547529685941140732986694608458088448
42 122 -17858866852547529685941140732986694608458088448
122 66 45203881554026162659027366554686351423154217280
66 122 45203881554026162659027366554686351423154217280
122 90 -2652073687042265276137270755635743848779019938
90 122 -2652073687042265276137270755635743848779019938
122 114 6396194595777576066141877014677159011973679820
114 122 6396194595777576066141877014677159011973679820
121 1 40553460540343582720
1 121 40553460540343582720
121 25 -47575406143575640256827230374578345050374144
25 121 -47575406143575640256827230374578345050374144
121 49 73323646548192294016599900045375754517010448384
49 121 73323646548192294016599900045375754517010448384
121 73 53681177254977570234444223741330272669567167400
73 121 53681177254977570234444223741330272669567167400
121 97 -30682576638438465404633055017791022161293349320
97 121 -30682576638438465404633055017791022161293349320
121 121 -1863752474891140700524137858521675648947694848
120 8 467148643553469279669219105789817389056
8 120 467148643553469279669219105789817389056
120 32 673176663182281667700449504888864972908527616
32 120 673176663182281667700449504888864972908527616
120 56 133687986295773857594724331188374770925587120128
56 120 133687986295773857594724331188374770925587120128
120 80 -79244441358516261975730730317790921013292998335
80 120 -79244441358516261975730730317790921013292998335
120 104 44755182937845171629697826654948416750877412180
104 120 44755182937845171629697826654948416750877412180
119 15 -731764752169296662360112356214317680427008
15 119 -731764752169296662360112356214317680427008
119 39 14650688278133604196059290509685362279195869184
39 119 14650688278133604196059290509685362279195869184
119 63 2106018315690250713069518418702177405586964480
63 119 2106018315690250713069518418702177405586964480
119 87 10573928087933990268415996865101930240915168114
87 119 10573928087933990268415996865101930240915168114
119 111 -27114272068324268670721173946527745587946363150
111 119 -27114272068324268670721173946527745587946363150
118 22 -85039114167093278839378364930725455769632768
22 118 -85039114167093278839378364930725455769632768
118 46 -103283946783085564529832077044747955394214625280
46 118 -103283946783085564529832077044747955394214625280
118 70 -173900427256133587956885075410907542304203130048
70 118 -173900427256133587956885075410907542304203130048
118 94 102228660343285766943983955469897705432591908491
94 118 102228660343285766943983955469897705432591908491
118 118 8537558140007471592267244012973677577491502028
117 5 -157752488116562539610959950964064256
5 117 -157752488116562539610959950964064256
117 29 -679920341146019962202476893951175443227869184
29 117 -679920341146019962202476893951175443227869184
117 53 -164689985287374254566604505683565342097370382336
53 117 -164689985287374254566604505683565342097370382336
117 77 216809245980089491606092301411391107936824014672
77 117 216809245980089491606092301411391107936824014672
117 101 -162387310618497493676761044030849592682481270547
101 117 -162387310618497493676761044030849592682481270547
116 12 -24014487838810507909194533594007596957696
12 116 -24014487838810507909194533594007596957696
116 36 -8326894309827837346775508368378533945647562752
36 116 -8326894309827837346775508368378533945647562752
116 60 -212496394838041476427682504164849539255973937152
60 116 -212496394838041476427682504164849539255973937152
116 84 -33724932070085100198304000712004901297434899730
84 116 -33724932070085100198304000712004901297434899730
116 108 106369406225609653569803602976457333548584652118
108 116 106369406225609653569803602976457333548584652118
115 19 95098283448394015789704350117835587255795712
19 115 95098283448394015789704350117835587255795712
115 43 104861175343191102139621968375804893914531364864
43 115 104861175343191102139621968375804893914531364864
115 67 521357390001939949875242176901327513043550821888
67 115 521357390001939949875242176901327513043550821888
115 91 -317951474697157139221380104143524534737132689682
91 115 -317951474697157139221380104143524534737132689682
115 115 -36129924981270249951096288397114857662563572146
114 2 1790412484767864120856805376
2 114 1790412484767864120856805376
114 26 879897176696550960734698964993417950368104448
26 114 879897176696550960734698964993417950368104448
114 50 222542439131999073705576871278946514623699877888
50 114 222542439131999073705576871278946514623699877888
114 74 -557145442836683316747622055025387589469982474688
74 114 -557145442836683316747622055025387589469982474688
114 98 547992206951823018656962665776645665734987944423
98 114 547992206951823018656962665776645665734987944423
113 9 8558606180742192743839630065152848560128
9 113 8558606180742192743839630065152848560128
113 33 2253055853078180123730314939912864557032275968
33 113 2253055853078180123730314939912864557032275968
113 57 709141561468431607908816993556867856493626785792
57 113 709141561468431607908816993556867856493626785792
113 81 84591424703471922147327974920815441927321344912
81 113 84591424703471922147327974920815441927321344912
113 105 -387142554811019762613859000940084654406140771920
105 113 -387142554811019762613859000940084654406140771920
112 16 -8154183245140045095694593393738615187570688
16 112 -8154183245140045095694593393738615187570688
112 40 -85936370400119763201133949155687565969393188864
40 112 -85936370400119763201133949155687565969393188864
112 64 -1343521744192983480522724223145086797121544667136
64 112 -1343521744192983480522724223145086797121544667136
112 88 927480453357481218536635345309503050771600018599
88 112 927480453357481218536635345309503050771600018599
112 112 141593112707472130116117232232341373192476337850
111 23 -920350504423300945269027077838034656984825856
23 111 -920350504423300945269027077838034656984825856
111 47 -320411019368134717151263878226367103728617521152
47 111 -320411019368134717151263878226367103728617521152
111 71 1345423439849497845234996396326717251654758453248
71 111 1345423439849497845234996396326717251654758453248
111 95 -1722226565651211608334219879101280747208068850425
95 111 -1722226565651211608334219879101280747208068850425
110 6 -11268663002558102016631647080623898624
6 110 -11268663002558102016631647080623898624
110 30 3617176538815675114837539488841795884978012160
30 110 3617176538815675114837539488841795884978012160
110 54 -1542678825439914419920774310220848455114933927936
54 110 -1542678825439914419920774310220848455114933927936
110 78 -169732715970704977672785328360687606321857276032
78 110 -169732715970704977672785328360687606321857276032
110 102 1309829579057963843604688130680651598660434171783
102 110 1309829579057963843604688130680651598660434171783
109 13 -286557477353435198399703004643256310956032
13 109 -286557477353435198399703004643256310956032
109 37 64253309374523469320201043824662509842396610560
37 109 64253309374523469320201043824662509842396610560
109 61 2882845497862743625523617702147441307786559488000
61 109 2882845497862743625523617702147441307786559488000
109 85 -2543611797577257113771040833148196277897061517456
85 109 -2543611797577257113771040833148196277897061517456
109 109 -515052438327209126186790209292914178682705073284
108 20 120323357129115889267811983609509265729912832
20 108 120323357129115889267811983609509265729912832
108 44 422835128050314505621439970145762842484464943104
44 108 422835128050314505621439970145762842484464943104
108 68 -2995324905131517583513510821722818262150898839552
68 108 -2995324905131517583513510821722818262150898839552
108 92 5044902973945314657519409144005618218193010974161
92 108 5044902973945314657519409144005618218193010974161
107 3 286434731296238641686743124803584
3 107 286434731296238641686743124803584
107 27 -5245961234274267251800146332630701029302730752
27 107 -5245961234274267251800146332630701029302730752
107 51 2555942891830127208670604515342653475481337200640
51 107 2555942891830127208670604515342653475481337200640
107 75 280205119991786873088831544012135844462683253760
75 107 280205119991786873088831544012135844462683253760
107 99 -4124181773491933073578444652844843932372078017298
99 107 -4124181773491933073578444652844843932372078017298
106 10 171021510009298553642192524141432341004288
10 106 171021510009298553642192524141432341004288
106 34 -49194036519402631055588721690614079772503834624
34 106 -49194036519402631055588721690614079772503834624
106 58 -5018093543639911197862682799971878489351440564224
58 106 -5018093543639911197862682799971878489351440564224
106 82 6542634261970289084414973150073453147685882143424
82 106 6542634261970289084414973150073453147685882143424
106 106 1742149971188277660826703434633557367367654542060
105 17 215681513433281553175042679760738815362203648
17 105 215681513433281553175042679760738815362203648
105 41 -455263562211723958775685732592997941801119645696
41 105 -455263562211723958775685732592997941801119645696
105 65 5925192095470667812602730312419458736768074219520
65 105 5925192095470667812602730312419458736768074219520
105 89 -13777812525209692866673759032810245977664550803400
89 105 -13777812525209692866673759032810245977664550803400
104 24 1611444828513742949106537959843031109104304128
24 104 1611444828513742949106537959843031109104304128
104 48 -3352842725585866880649767240521602956520752939008
48 104 -3352842725585866880649767240521602956520752939008
104 72 -336069606341347536077386593044152080343009243136
72 104 -336069606341347536077386593044152080343009243136
104 96 12089340507864900389428092638764892449168694520183
96 104 12089340507864900389428092638764892449168694520183
103 7 -1553028228221779758070509906801733926912
7 103 -1553028228221779758070509906801733926912
103 31 40937121998026901710419539605531457434201096192
31 103 40937121998026901710419539605531457434201096192
103 55 6789192470325146131478563013242110994664556331008
55 103 6789192470325146131478563013242110994664556331008
103 79 -15709479238880494287172124169109003346582194851840
79 103 -15709479238880494287172124169109003346582194851840
103 103 -5485008079935394772474175173560443885284742091598
102 14 -34137863235129457444228119994643220665466880
14 102 -34137863235129457444228119994643220665466880
102 38 343906865058466397328632987775629224781839073280
38 102 343906865058466397328632987775629224781839073280
102 62 -10006791533600618577289498507830114545878423306240
62 102 -10006791533600618577289498507830114545878423306240
102 86 35071501244916673194045610609705322607039228443072
86 102 35071501244916673194045610609705322607039228443072
101 21 -1848702317408064456355893573429703803899215872
21 101 -1848702317408064456355893573429703803899215872
101 45 3594067242418652401934426836957800084776587100160
45 101 3594067242418652401934426836957800084776587100160
101 69 -116111853166424695615054635893668658017402650624
69 101 -116111853166424695615054635893668658017402650624
101 93 -32993454187935464588627557222758751458976624138384
93 101 -32993454187935464588627557222758751458976624138384
100 4 37713681435709411349104720223404032
4 100 37713681435709411349104720223404032
100 28 -25752045220647868010379698148128452287632769024
28 100 -25752045220647868010379698148128452287632769024
100 52 -6512901219553702385134646118136430479032444780544
52 100 -6512901219553702385134646118136430479032444780544
100 76 35113580294179057044416696883036855061420410343424
76 100 35113580294179057044416696883036855061420410343424
100 100 16078254179257898662211195750567228576793294884498
99 11 2013981458182624576804030833149601392885760
11 99 2013981458182624576804030833149601392885760
99 35 -128938256474452778905353912356423684197718163456
35 99 -128938256474452778905353912356423684197718163456
99 59 13963022103657183829747626963644685789189241831424
59 99 13963022103657183829747626963644685789189241831424
99 83 -83142303036670716762501654543794991453430410520064
83 99 -83142303036670716762501654543794991453430410520064
98 18 1064978954949837676132089053137331283183009792
18 98 1064978954949837676132089053137331283183009792
98 42 -3382019551442283017713662882741297064105876652032
42 98 -3382019551442283017713662882741297064105876652032
98 66 2617735874423471362251780653450210557335439933440
66 98 2617735874423471362251780653450210557335439933440
98 90 83829093059709685990700040363561702314267786994112
90 98 83829093059709685990700040363561702314267786994112
97 1 -21658411838574969225216
1 97 -21658411838574969225216
97 25 -521236648466293575253463173959137827739402240
25 97 -521236648466293575253463173959137827739402240
97 49 3180540832289607857281300647683296271792917708800
49 97 3180540832289607857281300647683296271792917708800
97 73 -73076678609316576723256724160319185072686584594432
73 97 -73076678609316576723256724160319185072686584594432
97 97 -43880064639483158179793401388483551082277936732784
96 8 -12191101135413931543814573988165395152896
8 96 -12191101135413931543814573988165395152896
96 32 -13396648818388640213627475122251411269925994496
32 96 -13396648818388640213627475122251411269925994496
96 56 -15799731819233111713865508371629805174660284809216
56 96 -15799731819233111713865508371629805174660284809216
96 80 183317229313413822995242297978668715011593880289280
80 96 183317229313413822995242297978668715011593880289280
95 15 12314672259297629256434751462594620508078080
15 95 12314672259297629256434751462594620508078080
95 39 2976506068189887142732686582000575000925437952000
39 95 2976506068189887142732686582000575000925437952000
95 63 -10485840147605507036946701121684980678524005253120
63 95 -10485840147605507036946701121684980678524005253120
95 87 -198216988063242118458295808481323343055944075223040
87 95 -198216988063242118458295808481323343055944075223040
94 22 3297994943281388336065233648743302773956673536
22 94 3297994943281388336065233648743302773956673536
94 46 2008137770396144192767134048929532084225476395008
46 94 2008137770396144192767134048929532084225476395008
94 70 141685586138893909231464177301759660963633524899840
70 94 141685586138893909231464177301759660963633524899840
94 94 111497598156049770292909019816547671511529890691840
93 5 5951068464542561582297809073284841472
5 93 5951068464542561582297809073284841472
93 29 35693141565496987692598190926663767195335524352
29 93 35693141565496987692598190926663767195335524352
93 53 14829051963264734375067988463616439514755313434624
53 93 14829051963264734375067988463616439514755313434624
93 77 -375241731205328585582675330490852418126283864670208
77 93 -375241731205328585582675330490852418126283864670208
92 12 -5415418187446991466028543458416002550726656
12 92 -5415418187446991466028543458416002550726656
92 36 -2326833274362537349119588379599487580569595805696
36 92 -2326833274362537349119588379599487580569595805696
92 60 28561003250541523048480775619980614995298125611008
60 92 28561003250541523048480775619980614995298125611008
92 84 435689087900097141021915557791569238215002735075328
84 92 435689087900097141021915557791569238215002735075328
91 19 -2263801370577145736951911589202539732566802432
19 91 -2263801370577145736951911589202539732566802432
91 43 -6499376348191441561005607097233803773424451977216
43 91 -6499376348191441561005607097233803773424451977216
91 67 -255560642266984182177637818811522052033858685108224
67 91 -255560642266984182177637818811522052033858685108224
91 91 -263706848423531072607636587157972059485544997521408
90 2 1094052246903939259579643199488
2 90 1094052246903939259579643199488
90 26 -39951669661458441528413291713725905819733590016
26 90 -39951669661458441528413291713725905819733590016
90 50 -13394288132094661441315813250592135448090025918464
50 90 -13394288132094661441315813250592135448090025918464
90 74 711502120777097420203515290859878628625403323875328
74 90 711502120777097420203515290859878628625403323875328
89 9 103985284504833005571019404861252317478912
9 89 103985284504833005571019404861252317478912
89 33 1540656681283636101006526203273176894247339556864
33 89 1540656681283636101006526203273176894247339556864
89 57 -61607864100668117481575473443471016431106448687104
57 89 -61607864100668117481575473443471016431106448687104
89 81 -888480467134849635802191427879821167425826427699200
81 89 -888480467134849635802191427879821167425826427699200
88 16 1725432835566854179379000626952262348821233664
16 88 1725432835566854179379000626952262348821233664
88 40 8728368515825945709940569382717715748148050132992
40 88 8728368515825945709940569382717715748148050132992
88 64 427519911876425134099864444508898080146513358487552
64 88 427519911876425134099864444508898080146513358487552
88 88 579965389649805844955616183223670264596383079833600
87 23 12450700656575775351365789989579543975284441088
23 87 12450700656575775351365789989579543975284441088
87 47 15458389285278137454127645565064849121522283970560
47 87 15458389285278137454127645565064849121522283970560
87 71 -1246332790696525158208566507795315262158787926032384
71 87 -1246332790696525158208566507795315262158787926032384
86 6 3016344676979386952664106950015584305152
6 86 3016344676979386952664106950015584305152
86 30 -938504448432558060337711978023689193769287024640
30 86 -938504448432558060337711978023689193769287024640
86 54 110774866653973572571412529795638618625230766080000
54 86 110774866653973572571412529795638618625230766080000
86 78 1676724036115516900282696208135529172034828322734080
78 86 1676724036115516900282696208135529172034828322734080
85 13 -4517494858375079966457229176956019747586048
13 85 -4517494858375079966457229176956019747586048
85 37 -8603553712747295036266115349401017018408096497664
37 85 -8603553712747295036266115349401017018408096497664
85 61 -660393056542647076504795021518349413075178900946944
61 85 -660393056542647076504795021518349413075178900946944
85 85 -1183905381786263550397523178196659655886883132080128
84 20 10409484226215729627694857266554889403050754048
20 84 10409484226215729627694857266554889403050754048
84 44 -22904496007886587463515034560521440084869766971392
44 84 -22904496007886587463515034560521440084869766971392
84 68 2010085338112581240489847786998620231710149286297600
68 84 2010085338112581240489847786998620231710149286297600
83 3 -53061910978064723349392847571779584
3 83 -53061910978064723349392847571779584
83 27 522770076850624205669061710249219865611553734656
27 83 522770076850624205669061710249219865611553734656
83 51 -167440046396618946320222922232475350284663303176192
51 83 -167440046396618946320222922232475350284663303176192
83 75 -2920026615463728570948905701219410904758481577836544
75 83 -2920026615463728570948905701219410904758481577836544
82 10 -9567991768811792661365464724250211813163008
10 82 -9567991768811792661365464724250211813163008
82 34 7166736275637831518057546171742520719878966476800
34 82 7166736275637831518057546171742520719878966476800
82 58 932898016452380567040031531389932405814081351581696
58 82 932898016452380567040031531389932405814081351581696
82 82 2238069641054118633083304414536971734873932307628032
81 17 -6026921425359369335604421892467118194686951424
17 81 -6026921425359369335604421892467118194686951424
81 41 32560598636351549178492401882622773251054451556352
41 81 32560598636351549178492401882622773251054451556352
81 65 -2970708745433759073478132560189662301765560503894016
65 81 -2970708745433759073478132560189662301765560503894016
80 24 -256241865693306185347113067448039197946081705984
24 80 -256241865693306185347113067448039197946081705984
80 48 211092389150319536430821203080969700627963187298304
48 80 211092389150319536430821203080969700627963187298304
80 72 4677008263608854778865680799822992634340218438156288
72 80 4677008263608854778865680799822992634340218438156288
79 7 59782304433476409018460448192729622511616
7 79 59782304433476409018460448192729622511616
79 31 -5443463946400300954063427451882621445548047073280
31 79 -5443463946400300954063427451882621445548047073280
79 55 -1181520275336417234799619986729454673943244329451520
55 79 -1181520275336417234799619986729454673943244329451520
79 79 -3908572230222905502385596758274449130541956145872896
78 14 2135991537149008509354087190044917821077454848
14 78 2135991537149008509354087190044917821077454848
78 38 -36417195747478892214723621270530982586135525457920
38 78 -36417195747478892214723621270530982586135525457920
78 62 3994447393104389006342860392128332563281153152253952
62 78 3994447393104389006342860392128332563281153152253952
77 21 136812585993201754985358655274173610068218478592
21 77 136812585993201754985358655274173610068218478592
77 45 -223841739848232433297813623755231779449765281923072
45 77 -223841739848232433297813623755231779449765281923072
77 69 -6860757528648418515964766236765410169609876811022336
69 77 -6860757528648418515964766236765410169609876811022336
76 4 -11313526430300363247269591553648099328
4 76 -11313526430300363247269591553648099328
76 28 3312804548219441286449691377220608294213749047296
28 76 3312804548219441286449691377220608294213749047296
76 52 1304289347150794197016586692688869852979861672427520
52 76 1304289347150794197016586692688869852979861672427520
76 76 6289222843178707970001554719935348000065394948702208
75 11 -100883414134978890213250554645808060183871488
11 75 -100883414134978890213250554645808060183871488
75 35 30477074234568367169718141286728205701989670060032
35 75 30477074234568367169718141286728205701989670060032
75 59 -4835407906662581384222877150735242333516154705805312
59 75 -4835407906662581384222877150735242333516154705805312
74 18 -45891382551604384707424632770710196505687359488
18 74 -45891382551604384707424632770710196505687359488
74 42 209336188317258332782855086841239142583396311498752
42 74 209336188317258332782855086841239142583396311498752
74 66 9171757852578522078493314008172906502549498373341184
66 74 9171757852578522078493314008172906502549498373341184
73 1 5052996700274778362085376
1 73 5052996700274778362085376
73 25 -1217477719027383819430183116279956376994332016640
25 73 -1217477719027383819430183116279956376994332016640
73 49 -1219316570151204388043254802814487578418919665303552
49 73 -1219316570151204388043254802814487578418919665303552
73 73 -9296304771644845620097481995679065000758573537427456
72 8 -1524351197977616054263560714367460611981312
8 72 -1524351197977616054263560714367460611981312
72 32 -21036049147652857959370846879851819228324255760384
32 72 -21036049147652857959370846879851819228324255760384
72 56 5198900547854070160746146114019324047905876736999424
56 72 5198900547854070160746146114019324047905876736999424
71 15 7945413133690704400466053915439031952343040000
15 71 7945413133690704400466053915439031952343040000
71 39 -179457433981258671133395525562461223803678168711168
39 71 -179457433981258671133395525562461223803678168711168
71 63 -11119404952571072315245381169440322721642608395812864
63 71 -11119404952571072315245381169440322721642608395812864
70 22 265116079690981048054481541360411777011787235328
22 70 265116079690981048054481541360411777011787235328
70 46 939381518586548111398178745861979091061350133137408
46 70 939381518586548111398178745861979091061350133137408
70 70 12589759966756268880977724046491538984819338327883776
69 5 -1452591666270281651846298034501381521408
5 69 -1452591666270281651846298034501381521408
69 29 13635057404000047623107556388276508377840080650240
29 69 13635057404000047623107556388276508377840080650240
69 53 -4892670067545674652570983820542598265354180320296960
53 69 -4892670067545674652570983820542598265354180320296960
68 12 692422896260040545046354179547432156148006912
12 68 692422896260040545046354179547432156148006912
68 36 132075097961471159287888135721973083706423150379008
36 68 132075097961471159287888135721973083706423150379008
68 60 12175962028996787539789959669999066905154371847192576
60 68 12175962028996787539789959669999066905154371847192576
67 19 -18809077446341913454642669775755695407025356800
19 67 -18809077446341913454642669775755695407025356800
67 43 -566079782145705586147046550985847388663974088146944
43 67 -566079782145705586147046550985847388663974088146944
67 67 -15608949871060725252515894690679903924757355028283392
66 2 132521841503320709402992148742144
2 66 132521841503320709402992148742144
66 26 -7140998465848912840234969367348024002587199012864
26 66 -7140998465848912840234969367348024002587199012864
66 50 3982549092624432982471323913822552630294604979109888
50 66 3982549092624432982471323913822552630294604979109888
65 9 -19744866892183740304435111921488839279902720
9 65 -19744866892183740304435111921488839279902720
65 33 -73690780883000953777631384393111192310150244335616
33 65 -73690780883000953777631384393111192310150244335616
65 57 -12014544117731888115452901268740367665624837840175104
57 65 -12014544117731888115452901268740367665624837840175104
64 16 -12821450454484471409612927564201187584415629312
16 64 -12821450454484471409612927564201187584415629312
64 40 216650353435351357506095728994573024504641633648640
40 64 216650353435351357506095728994573024504641633648640
64 64 17754437390779498809937555669645382526032799772704768
63 23 2434438443519108980863597247768811309566106009600
23 63 2434438443519108980863597247768811309566106009600
63 47 -2810321678561546922342456164057765993083061154086912
47 63 -2810321678561546922342456164057765993083061154086912
62 6 -22960753887976078298387464191181204750336
6 62 -22960753887976078298387464191181204750336
62 30 30496451094394897460575976404951536208739427155968
30 62 30496451094394897460575976404951536208739427155968
62 54 10716764267603568765994949556518004718919529177022464
54 62 10716764267603568765994949556518004718919529177022464
61 13 5862872502475672976345574247349357415235584000
13 61 5862872502475672976345574247349357415235584000
61 37 11411614400756691743075618793627626592375194779648
37 61 11411614400756691743075618793627626592375194779648
61 61 -18625843132477472843288317869472676251440453884313600
60 20 -457798957787366579212282827146622212900552441856
20 60 -457798957787366579212282827146622212900552441856
60 44 1811986992179076667540252373811017959276189564534784
44 60 1811986992179076667540252373811017959276189564534784
59 3 1954227286444806188206653060029612032
3 59 1954227286444806188206653060029612032
59 27 -10639400925437649066951741554966610277603473358848
27 59 -10639400925437649066951741554966610277603473358848
59 51 -8827926501078128926059153559700750730492628562870272
51 59 -8827926501078128926059153559700750730492628562870272
58 10 154844517535069230135445543930605314548695040
10 58 154844517535069230135445543930605314548695040
58 34 -74626445921612396894989304304392203902439997308928
34 58 -74626445921612396894989304304392203902439997308928
58 58 18206811554301339325910212606712718653927705624444928
57 17 41798700296478855330954022023159398700521881600
17 57 41798700296478855330954022023159398700521881600
57 41 -1243753702043686633452072129982831027649682098618368
41 57 -1243753702043686633452072129982831027649682098618368
56 24 3243141723994846634733814215382628595150723481600
24 56 3243141723994846634733814215382628595150723481600
56 48 7091522227158952108142563236957671763323581848616960
48 56 7091522227158952108142563236957671763323581848616960
55 7 239497939883171750048873488987090549997568
7 55 239497939883171750048873488987090549997568
55 31 37384890469048811734548392881472371915028946747392
31 55 37384890469048811734548392881472371915028946747392
55 55 -16933555977524927104256251921479887667694292015513600
54 14 335332403336674906184349658915511749771788288
14 54 335332403336674906184349658915511749771788288
54 38 1022016178617918938249619241684867594071129611829248
38 54 1022016178617918938249619241684867594071129611829248
53 21 -580539401374695962719672072103264275248969678848
21 53 -580539401374695962719672072103264275248969678848
53 45 -5885810373437169246280488165095695376937539445194752
45 53 -5885810373437169246280488165095695376937539445194752
52 4 474510484713258742751058821575417528320
4 52 474510484713258742751058821575417528320
52 28 897789117589046144193361110420444705555717554176
28 52 897789117589046144193361110420444705555717554176
52 52 15438312187984640776964321673109681674107674582581248
51 11 1466941809056747346738229943658664733318316032
11 51 1466941809056747346738229943658664733318316032
51 35 -849509875293188341134586576476495395740007125745664
35 51 -849509875293188341134586576476495395740007125745664
50 18 -7773364859014215230230059469304715445002043392
18 50 -7773364859014215230230059469304715445002043392
50 42 4927918586676810634566417950591503713722539601559552
42 50 4927918586676810634566417950591503713722539601559552
49 1 -571368565495364113695506432
1 49 -571368565495364113695506432
49 25 -8765722110061702496357246623236014662505811935232
25 49 -8765722110061702496357246623236014662505811935232
49 49 -13916975693982371899432061098790806424021904981491712
48 8 14271730855514616627608928925250469696110592
8 48 14271730855514616627608928925250469696110592
48 32 566364574968705513685017506787912185620710022971392
32 48 566364574968705513685017506787912185620710022971392
47 15 11555625380509769137936731866579193073005232128
15 47 11555625380509769137936731866579193073005232128
47 39 -3724340191040657907785692144589057893726638877704192
39 47 -3724340191040657907785692144589057893726638877704192
46 22 4230956029210744804212419262647650923744780615680
22 46 4230956029210744804212419262647650923744780615680
46 46 11875378618709887505388517812298675062901455133343744
45 5 19245440653119108024959190624933882363904
5 45 19245440653119108024959190624933882363904
45 29 -270104745339026870694497929320509156870333585686528
29 45 -270104745339026870694497929320509156870333585686528
44 12 1109358110380943176833758522903088382494113792
12 44 1109358110380943176833758522903088382494113792
44 36 2272791511596852625508953115999247043497254465830912
36 44 2272791511596852625508953115999247043497254465830912
43 19 -1012853349675619070086686048672084129303956029440
19 43 -1012853349675619070086686048672084129303956029440
43 43 -8876667529447472513099866701756082983356760623939584
42 2 2902513820518353167780250029916160
2 42 2902513820518353167780250029916160
42 26 87151982093195286931244203930018852207603855917056
26 42 87151982093195286931244203930018852207603855917056
41 9 59677726276262878319418914995506735763947520
9 41 59677726276262878319418914995506735763947520
41 33 -1039548113175919140650313539353073144642907064500224
33 41 -1039548113175919140650313539353073144642907064500224
40 16 123747407136692632435291280263154177992820785152
16 40 123747407136692632435291280263154177992820785152
40 40 5411272611212058156947192650266648867239089594695680
39 23 -18019533304018640599862702354510782560402654887936
23 39 -18019533304018640599862702354510782560402654887936
38 6 353735364124050737009640045169895660322816
6 38 353735364124050737009640045169895660322816
38 30 337513753891328865755384071850680340901268562116608
30 38 337513753891328865755384071850680340901268562116608
37 13 -5288908316753794132183129035456095843103277056
13 37 -5288908316753794132183129035456095843103277056
37 37 -2557534960601822869726875730319813321515854817394688
36 20 2196530886578868131373992366042117988788614463488
20 36 2196530886578868131373992366042117988788614463488
35 3 -7756232910735326262234666727695712256
3 35 -7756232910735326262234666727695712256
35 27 -73255341292405076289687121746013916297564904226816
27 35 -73255341292405076289687121746013916297564904226816
34 10 81412894075349620563528289102523767034216448
10 34 81412894075349620563528289102523767034216448
34 34 904526405200907666867825616529745522042825263284224
33 17 -140640564657622661146985867200079186020934877184
17 33 -140640564657622661146985867200079186020934877184
32 24 9650855662818718074436363299506161045722403700736
24 32 9650855662818718074436363299506161045722403700736
31 7 1486428649089715323660977769961346348089344
7 31 1486428649089715323660977769961346348089344
31 31 -232531026724564758588052785032549739126958034255872
30 14 5309924276845791965885348196896331050210295808
14 30 5309924276845791965885348196896331050210295808
29 21 -609034528761447087898320056033977414425950289920
21 29 -609034528761447087898320056033977414425950289920
28 4 571877468991074385835000697964736806912
4 28 571877468991074385835000697964736806912
28 28 42317392546672996969997936766623565961649197154304
27 11 -219653633180828923680030442670466890981179392
11 27 -219653633180828923680030442670466890981179392
26 18 -3519084517122551177885309904723332301991182336
18 26 -3519084517122551177885309904723332301991182336
25 1 30793758477223834338115715072
1 25 30793758477223834338115715072
25 25 -5325136708696937477947004532159170960453414158336
24 8 4059088290006519467213929666450980618633216
8 24 4059088290006519467213929666450980618633216
23 15 2630398145347151942222503193060681829090066432
15 23 2630398145347151942222503193060681829090066432
22 22 451021638368735862237196241007190137464728584192
21 5 -3893019553168981248175129973116823928832
5 21 -3893019553168981248175129973116823928832
20 12 -111439904614185149677233510575087319911497728
12 20 -111439904614185149677233510575087319911497728
19 19 -24125691251536897712030832118142239373757775872
18 2 5442365698230631585581219018964992
2 18 5442365698230631585581219018964992
17 9 1450089008354390249360903573199961395822592
9 17 1450089008354390249360903573199961395822592
16 16 717823715456634335304587434715045068185534464
14 6 2239943348761836475430549247651999645696
6 14 2239943348761836475430549247651999645696
13 13 -10218474415033667164240731734552435912343552
11 3 140090414965536116240401879965630464
3 11 140090414965536116240401879965630464
10 10 42483884072425029676493810816039572733952
7 7 -35892664881703444707348724290743697408
4 4 8829186430589617781424537825443840
1 1 -633825300114114700748351602688
