# Weber-f modular polynomial Phi_181^f(X,Y); r=q^(1/48).
182 0 1
0 182 1
181 13 1064099
13 181 1064099
181 37 -27326113
37 181 -27326113
181 61 24851300
61 181 24851300
181 85 -4980939
85 181 -4980939
181 109 368516
109 181 368516
181 133 -12127
133 181 -12127
181 157 181
157 181 181
181 181 -1
180 2 38553
2 180 38553
180 26 301182887936
26 180 301182887936
180 50 13797720587966
50 180 13797720587966
180 74 22458305868950
74 180 22458305868950
180 98 4253072765247
98 180 4253072765247
180 122 135185692499
122 180 135185692499
180 146 658150390
146 180 658150390
180 170 169959
170 180 169959
179 15 -1049684321452
15 179 -1049684321452
179 39 19698150582046818
39 179 19698150582046818
179 63 -308114041226712170
63 179 -308114041226712170
179 87 128456401324998750
87 179 128456401324998750
179 111 -4205857284535102
111 179 -4205857284535102
179 135 24866942050227
135 179 24866942050227
179 159 -7193161725
159 179 -7193161725
178 4 595859602
4 178 595859602
178 28 323346440048467680
28 178 323346440048467680
178 52 135707575569166510828
52 178 135707575569166510828
178 76 119741197736068248646
76 178 119741197736068248646
178 100 -2680337627252930104
100 178 -2680337627252930104
178 124 20650679413545955
124 178 20650679413545955
178 148 55818249145144
148 178 55818249145144
178 172 65938481
172 178 65938481
177 17 50533787830174646
17 177 50533787830174646
177 41 -4337351061295661849372
41 177 -4337351061295661849372
177 65 18744934962019944407191
65 177 18744934962019944407191
177 89 -1066498172974093350512
89 177 -1066498172974093350512
177 113 6630886493197739988
113 177 6630886493197739988
177 137 -4906525054907473
137 177 -4906525054907473
177 161 4734837946451
161 177 4734837946451
176 6 4727169655020
6 176 4727169655020
176 30 9084868907498876892716
30 176 9084868907498876892716
176 54 860753455620551483440762
54 176 860753455620551483440762
176 78 -119074785008561499640614
78 176 -119074785008561499640614
176 102 2570844519350019025183
102 176 2570844519350019025183
176 126 -1461209206710360718
126 176 -1461209206710360718
176 150 8678927855795730
150 176 8678927855795730
176 174 687043420
174 176 687043420
175 19 -419373590082752801956
19 175 -419373590082752801956
175 43 8986382663112504095434516
43 175 8986382663112504095434516
175 67 -3860759705709217500176008
67 175 -3860759705709217500176008
175 91 285267623877802303058917
91 175 285267623877802303058917
175 115 -2224128837204820545328
115 175 -2224128837204820545328
175 139 2521951929729095617
139 175 2521951929729095617
175 163 -198957000384556
163 175 -198957000384556
174 8 20507715658318257
8 174 20507715658318257
174 32 15767418019042036195287996
32 174 15767418019042036195287996
174 56 -4879892439869739306809694
56 174 -4879892439869739306809694
174 80 10086151053488636591933178
80 174 10086151053488636591933178
174 104 -184167581652769502345582
104 174 -184167581652769502345582
174 128 1014641738409646673381
128 174 1014641738409646673381
174 152 -67362684202381086
152 174 -67362684202381086
173 21 748903743669528725180285
21 173 748903743669528725180285
173 45 409325260030729143391216463
45 173 409325260030729143391216463
173 69 96021744359469500487602039
69 173 96021744359469500487602039
173 93 -5369306670883976149933966
93 173 -5369306670883976149933966
173 117 33249114812795072588136
117 173 33249114812795072588136
173 141 -35568840064457307662
141 173 -35568840064457307662
173 165 1892349481096058
165 173 1892349481096058
172 10 48134256283451163475
10 172 48134256283451163475
172 34 2058439471872311947042676808
34 172 2058439471872311947042676808
172 58 1053489912279001730046621886
58 172 1053489912279001730046621886
172 82 -18627207743129609783539380
82 172 -18627207743129609783539380
172 106 -2368573346117353095767426
106 172 -2368573346117353095767426
172 130 17408284089235420853723
130 172 17408284089235420853723
172 154 1191707036449933242
154 172 1191707036449933242
171 23 -245822032715393987088100104
23 171 -245822032715393987088100104
171 47 5844645036830588578261714844
47 171 5844645036830588578261714844
171 71 1524066356517176840678286620
71 171 1524066356517176840678286620
171 95 -127649248804655485236752434
95 171 -127649248804655485236752434
171 119 1486658080703308159239833
119 171 1486658080703308159239833
171 143 -340654943600564309175
143 171 -340654943600564309175
171 167 -6530653367268915
167 171 -6530653367268915
170 12 57268767102863540841845
12 170 57268767102863540841845
170 36 92131210599711302901934794264
36 170 92131210599711302901934794264
170 60 54256030667982446243337761112
60 170 54256030667982446243337761112
170 84 -1476689815327368904446040320
84 170 -1476689815327368904446040320
170 108 10221672020158408304223980
108 170 10221672020158408304223980
170 132 159370753511332785536030
132 170 159370753511332785536030
170 156 -3502454062241195789
156 170 -3502454062241195789
169 1 -68102336
1 169 -68102336
169 25 -119931177189089199683559648
25 169 -119931177189089199683559648
169 49 185783396493228255366623468660
49 169 185783396493228255366623468660
169 73 23924378504993840201706606345
73 169 23924378504993840201706606345
169 97 -1170040568897777542906584378
97 169 -1170040568897777542906584378
169 121 14664517095495120222562321
121 169 14664517095495120222562321
169 145 -1095586146235581088860
145 169 -1095586146235581088860
169 169 9616549189612036
168 14 30627420864054335845428463
14 168 30627420864054335845428463
168 38 2193607135551779242298250421364
38 168 2193607135551779242298250421364
168 62 561386520718236482111521158756
62 168 561386520718236482111521158756
168 86 -17940932350357010961587640126
86 168 -17940932350357010961587640126
168 110 159124315220155873328360106
110 168 159124315220155873328360106
168 134 982782162391794717907804
134 168 982782162391794717907804
168 158 -19501935682197986691
158 168 -19501935682197986691
167 3 67179796572928
3 167 67179796572928
167 27 385600856181631165253420674368
27 167 385600856181631165253420674368
167 51 5624099159685416463617061691890
51 167 5624099159685416463617061691890
167 75 96730265407722077112976716246
75 167 96730265407722077112976716246
167 99 -8788983228478393020125175929
99 167 -8788983228478393020125175929
167 123 76025836720362744701554901
123 167 76025836720362744701554901
167 147 10508777456582879446124
147 167 10508777456582879446124
166 16 6260346997772249318614878303
16 166 6260346997772249318614878303
166 40 36259357099187870864993946332244
40 166 36259357099187870864993946332244
166 64 4547766221925114327737552681362
64 166 4547766221925114327737552681362
166 88 -107904740015080768710628461042
88 166 -107904740015080768710628461042
166 112 191608667227553827732937415
112 166 191608667227553827732937415
166 136 3647499535694121776146710
136 166 3647499535694121776146710
166 160 88949283841170650419
160 166 88949283841170650419
165 5 -3234162421131177344
5 165 -3234162421131177344
165 29 14372310516226935859157378167749
29 165 14372310516226935859157378167749
165 53 76258620018573592125108014687885
53 165 76258620018573592125108014687885
165 77 -150686106913727945855615123750
77 165 -150686106913727945855615123750
165 101 -44649675143102036171439951527
101 165 -44649675143102036171439951527
165 125 184839622036924212755920121
125 165 184839622036924212755920121
165 149 4904850780821650919456
149 165 4904850780821650919456
164 18 461836064250069650709887852737
18 164 461836064250069650709887852737
164 42 467426091860287300331463941839256
42 164 467426091860287300331463941839256
164 66 22271492374333975534736146459990
66 164 22271492374333975534736146459990
164 90 -424599374639113995068647978560
90 164 -424599374639113995068647978560
164 114 -2136511071348825676759236451
114 164 -2136511071348825676759236451
164 138 8367609784167484858174034
138 164 8367609784167484858174034
164 162 -67503659412636202495
162 164 -67503659412636202495
163 7 26839909765296179325184
7 163 26839909765296179325184
163 31 279378357990362360264471621805116
31 163 279378357990362360264471621805116
163 55 707538489606264462166706388762700
55 163 707538489606264462166706388762700
163 79 -6420470600378324306570118253776
79 163 -6420470600378324306570118253776
163 103 -130927818363153855901401431015
103 163 -130927818363153855901401431015
163 127 -176217729315652521078857527
127 163 -176217729315652521078857527
163 151 -27817937591875072061673
151 163 -27817937591875072061673
162 20 16963843174877698990531237403605
20 162 16963843174877698990531237403605
162 44 4598558516266564250369092290135048
44 162 4598558516266564250369092290135048
162 68 71628481461607405913249804628084
68 162 71628481461607405913249804628084
162 92 -1857048618054768023360393543692
92 162 -1857048618054768023360393543692
162 116 173493893128844428366475885
116 162 173493893128844428366475885
162 140 -691471017977102244427965
140 162 -691471017977102244427965
161 9 -47929839594849838411538240
9 161 -47929839594849838411538240
161 33 3648179050779381987517198852032042
33 161 3648179050779381987517198852032042
161 57 4866500189847249430423978932981976
57 161 4866500189847249430423978932981976
161 81 -45539656821000861973609317271162
81 161 -45539656821000861973609317271162
161 105 -453202128220162105973038504344
105 161 -453202128220162105973038504344
161 129 -1280411101486507039932812390
129 161 -1280411101486507039932812390
161 153 -189611924319981797808159
153 161 -189611924319981797808159
160 22 389490797227731405035451835279331
22 160 389490797227731405035451835279331
160 46 35723261388096072591161076578330708
46 160 35723261388096072591161076578330708
160 70 55624872236638993651676689121144
70 160 55624872236638993651676689121144
160 94 -4108899207757576205862727459966
94 160 -4108899207757576205862727459966
160 118 28945488661623288576739627353
118 160 28945488661623288576739627353
160 142 -9808872874511623240756885
142 160 -9808872874511623240756885
159 11 15732610093785215173638406656
11 159 15732610093785215173638406656
159 35 35442288597648140752999123643006348
35 159 35442288597648140752999123643006348
159 59 26739695905763749435266039872625344
59 159 26739695905763749435266039872625344
159 83 -231184480776375935869890052707596
83 159 -231184480776375935869890052707596
159 107 -1524701307687543485531896910747
107 159 -1524701307687543485531896910747
159 131 -3061952926921298639130687379
131 159 -3061952926921298639130687379
159 155 67476033714048836871424
155 159 67476033714048836871424
158 24 6203863504119007281667820423594609
24 158 6203863504119007281667820423594609
158 48 226685352464300144218236937298185060
48 158 226685352464300144218236937298185060
158 72 -680611202231002930364587399701504
72 158 -680611202231002930364587399701504
158 96 3261668236808710885545185209018
96 158 3261668236808710885545185209018
158 120 152747370013068618208896179903
120 158 152747370013068618208896179903
158 144 39054796438093849712146126
144 158 39054796438093849712146126
157 13 7675595340101708779747817472
13 157 7675595340101708779747817472
157 37 272145510785774514397795071903816249
37 157 272145510785774514397795071903816249
157 61 122064228731219556238273396234887534
61 157 122064228731219556238273396234887534
157 85 -909319451552317119294048524131488
85 157 -909319451552317119294048524131488
157 109 -5061442163817787596188261589812
109 157 -5061442163817787596188261589812
157 133 -5660135475048832100766238236
133 157 -5660135475048832100766238236
157 157 292617014397408527286962
156 2 1233645108985856
2 156 1233645108985856
156 26 73442361665420570719807739863109935
26 156 73442361665420570719807739863109935
156 50 1205958645270008474238159806795991376
50 156 1205958645270008474238159806795991376
156 74 -4789991110239462285462234371125872
74 156 -4789991110239462285462234371125872
156 98 75281906966379399572927293254398
98 156 75281906966379399572927293254398
156 122 492613972478994171385864880765
122 156 492613972478994171385864880765
156 146 173332507089029229656519527
146 156 173332507089029229656519527
155 15 -24678454795624394576218923159552
15 155 -24678454795624394576218923159552
155 39 1714670007526601060372667468546209648
39 155 1714670007526601060372667468546209648
155 63 476968740026590238387874792762951528
63 155 476968740026590238387874792762951528
155 87 -2952911944625236280260794100172838
87 155 -2952911944625236280260794100172838
155 111 -15561153285718426702033841718985
111 155 -15561153285718426702033841718985
155 135 -10596719866068375193686658573
135 155 -10596719866068375193686658573
154 4 1324427018438523617280
4 154 1324427018438523617280
154 28 677894176579994060185426847386882003
28 154 677894176579994060185426847386882003
154 52 5508619714705300367112766012841600720
52 154 5508619714705300367112766012841600720
154 76 -20915614472540087341361650251918712
76 154 -20915614472540087341361650251918712
154 100 375951558474864142972673692748222
100 154 375951558474864142972673692748222
154 124 1153790875472751568958313973026
124 154 1153790875472751568958313973026
154 148 84246119858213688302005749
148 154 84246119858213688302005749
153 17 -919827873038523894986072202735936
17 153 -919827873038523894986072202735936
153 41 9115373358791468195662324376867141568
41 153 9115373358791468195662324376867141568
153 65 1630608906395201687460360452902390328
65 153 1630608906395201687460360452902390328
153 89 -8184710005370594018104742058698631
89 153 -8184710005370594018104742058698631
153 113 -43054762128546393055095387068610
113 153 -43054762128546393055095387068610
153 137 -20636053511814700637529057811
137 153 -20636053511814700637529057811
152 6 37211623045115399752564736
6 152 37211623045115399752564736
152 30 5068289618176670140606959824398058701
30 152 5068289618176670140606959824398058701
152 54 21994117175155624124923390085945511080
54 152 21994117175155624124923390085945511080
152 78 -73632706497425383297668113289553808
78 152 -73632706497425383297668113289553808
152 102 1256502406422592281879975177922428
102 152 1256502406422592281879975177922428
152 126 2218750953246698111138506956082
126 152 2218750953246698111138506956082
152 150 -176116935196238317144073250
150 152 -176116935196238317144073250
151 19 -17880214911383191056926183795527424
19 151 -17880214911383191056926183795527424
151 43 41702931136133960502087774623110317624
43 151 41702931136133960502087774623110317624
151 67 4943411231216663910374300861868675772
67 151 4943411231216663910374300861868675772
151 91 -19882089730648761668592451452685128
91 151 -19882089730648761668592451452685128
151 115 -105437248375141602356073586077561
115 151 -105437248375141602356073586077561
151 139 -38995970039503073607204256849
139 151 -38995970039503073607204256849
150 8 64583344205996180255899631616
8 150 64583344205996180255899631616
150 32 31596164190075628972929520341662622642
32 150 31596164190075628972929520341662622642
150 56 77989387707927293389448889581666347752
56 150 77989387707927293389448889581666347752
150 80 -224950805701226375030183294240659212
80 150 -224950805701226375030183294240659212
150 104 3304488403818573655869581534171564
104 150 3304488403818573655869581534171564
150 128 3799604855768724913091928211382
128 150 3799604855768724913091928211382
149 21 -233483459249880447201100726530050688
21 149 -233483459249880447201100726530050688
149 45 166971194119787126392067584420886253154
45 149 166971194119787126392067584420886253154
149 69 13408867755424326527276501673179656945
69 149 13408867755424326527276501673179656945
149 93 -43282578889361207664148834674987067
93 149 -43282578889361207664148834674987067
149 117 -225401438484541011286628256356221
117 149 -225401438484541011286628256356221
149 141 -38785166778525000461443432121
141 149 -38785166778525000461443432121
148 10 8431368076788989735086804205568
10 148 8431368076788989735086804205568
148 34 168020299633588935615022726345983765812
34 148 168020299633588935615022726345983765812
148 58 248707196937859786005484079667396355632
58 148 248707196937859786005484079667396355632
148 82 -614069045256735416867438419178716438
82 148 -614069045256735416867438419178716438
148 106 7310746076804269672446949334679730
106 148 7310746076804269672446949334679730
148 130 5886387641299324709718172239405
130 148 5886387641299324709718172239405
147 23 -2268306470249481008191943913152406272
23 147 -2268306470249481008191943913152406272
147 47 592830988116260403048186619541742075528
47 147 592830988116260403048186619541742075528
147 71 32754509112690360237831031470293468402
71 147 32754509112690360237831031470293468402
147 95 -86054360163542903844692515632220778
95 147 -86054360163542903844692515632220778
147 119 -415159568587802531497195466426803
119 147 -415159568587802531497195466426803
147 143 -8865111212461702280518731736
143 147 -8865111212461702280518731736
146 12 377369438616417496686324917305344
12 146 377369438616417496686324917305344
146 36 775934542391634189967477579151866875899
36 146 775934542391634189967477579151866875899
146 60 720878617141345589178519089951185742448
60 146 720878617141345589178519089951185742448
146 84 -1527162485080473124086616635163359546
84 146 -1527162485080473124086616635163359546
146 108 14159438850191622695545561000365242
108 146 14159438850191622695545561000365242
146 132 8362387866249242934303559996062
132 146 8362387866249242934303559996062
145 1 7163376566272
1 145 7163376566272
145 25 -17417312690289568921458884601844239936
25 145 -17417312690289568921458884601844239936
145 49 1888663773292196018992026472978052576336
49 145 1888663773292196018992026472978052576336
145 73 72470784658303714611058860401350566948
73 145 72470784658303714611058860401350566948
145 97 -157917825917889820794069753135284700
97 145 -157917825917889820794069753135284700
145 121 -661683236912539733635903066150806
121 145 -661683236912539733635903066150806
145 145 11858253410363228976334910216
144 14 8985014827220087776453633725906944
14 144 8985014827220087776453633725906944
144 38 3158780137706166093639785470512048773775
38 144 3158780137706166093639785470512048773775
144 62 1915320909418187886991442661485548294484
62 144 1915320909418187886991442661485548294484
144 86 -3495396905174395512367045846860253844
86 144 -3495396905174395512367045846860253844
144 110 24729497929097461085941221408570038
110 144 24729497929097461085941221408570038
144 134 9689453227027985633878079173583
134 144 9689453227027985633878079173583
143 3 -5163751986180081057792
3 143 -5163751986180081057792
143 27 -109738880481702467863850717986957417472
27 143 -109738880481702467863850717986957417472
143 51 5451977650866422514533064607842094890472
51 143 5451977650866422514533064607842094890472
143 75 145987709858015473757750727609447308932
75 143 145987709858015473757750727609447308932
143 99 -268607992593108955384803558432329854
99 143 -268607992593108955384803558432329854
143 123 -934340022050659896131869889782138
123 143 -934340022050659896131869889782138
142 16 148518326678273519063015204176871424
16 142 148518326678273519063015204176871424
142 40 11476817355109021259834182368433748392194
40 142 11476817355109021259834182368433748392194
142 64 4699082670270615285512481015069798034756
64 142 4699082670270615285512481015069798034756
142 88 -7400416229309679809664871393519052766
88 142 -7400416229309679809664871393519052766
142 112 39659556323161073631906703684265654
112 142 39659556323161073631906703684265654
142 136 8718699366737581079274723919951
136 142 8718699366737581079274723919951
141 5 1137010556612289979841773568
5 141 1137010556612289979841773568
141 29 -583383894962653964522388760119497060352
29 141 -583383894962653964522388760119497060352
141 53 14383576090602021235463539301934418604610
53 141 14383576090602021235463539301934418604610
141 77 268843050415808431905233175715162380987
77 141 268843050415808431905233175715162380987
141 101 -423861201589697580800449076857850161
101 141 -423861201589697580800449076857850161
141 125 -1216073238702871476469810547891166
125 141 -1216073238702871476469810547891166
140 18 1914577272259736782157676305773592576
18 140 1914577272259736782157676305773592576
140 42 37618603269136703532192269929740623847542
42 140 37618603269136703532192269929740623847542
140 66 10713701366191934870803722019538249322664
66 140 10713701366191934870803722019538249322664
140 90 -14531720975184909509389746079491687838
90 140 -14531720975184909509389746079491687838
140 114 58831263876577614759308122507796516
114 140 58831263876577614759308122507796516
140 138 6919098141082684990598668071387
138 140 6919098141082684990598668071387
139 7 -2355726296838964273593585762304
7 139 -2355726296838964273593585762304
139 31 -2668987592712573472133617575879060327936
31 139 -2668987592712573472133617575879060327936
139 55 34934284439620484272319622048753695097784
55 139 34934284439620484272319622048753695097784
139 79 454047923621106038340962786187426662948
79 139 454047923621106038340962786187426662948
139 103 -623536674022513229009607182381380600
103 139 -623536674022513229009607182381380600
139 127 -1479637310925588549934447773478021
127 139 -1479637310925588549934447773478021
138 20 18835695682627847169511802020393156608
20 138 18835695682627847169511802020393156608
138 44 112266820179396577395071815299980847300134
44 138 112266820179396577395071815299980847300134
138 68 22831228998970563029427726134553967683704
68 138 22831228998970563029427726134553967683704
138 92 -26564988292956456315656802904022493690
92 138 -26564988292956456315656802904022493690
138 116 81161076350250797078309309292197544
116 138 81161076350250797078309309292197544
137 9 -107302160965495460565147048476672
9 137 -107302160965495460565147048476672
137 33 -10686156423666376089092325402936720201856
33 137 -10686156423666376089092325402936720201856
137 57 78622104481708367431168106016321006927856
57 137 78622104481708367431168106016321006927856
137 81 704553271017711960827079406870486706580
81 137 704553271017711960827079406870486706580
137 105 -863233646373692406316738167597792853
105 137 -863233646373692406316738167597792853
137 129 -1691466840471799569838665007797862
129 137 -1691466840471799569838665007797862
136 22 146322478645641513333395769664842579968
22 136 146322478645641513333395769664842579968
136 46 307517061740220003902766623575718865409266
46 136 307517061740220003902766623575718865409266
136 70 45709836309985690076040093082070705288772
70 136 45709836309985690076040093082070705288772
136 94 -45421237847486528696667346427007350986
94 136 -45421237847486528696667346427007350986
136 118 105018247053593696159868130508976730
118 136 105018247053593696159868130508976730
135 11 -1532138628534917812259838976065536
11 135 -1532138628534917812259838976065536
135 35 -37941183239440665795083943650671492833792
35 135 -37941183239440665795083943650671492833792
135 59 164923527666616309835488333070034877055248
59 135 164923527666616309835488333070034877055248
135 83 1004752209245432641623700743923191622034
83 135 1004752209245432641623700743923191622034
135 107 -1138317518923487406283510272451565442
107 135 -1138317518923487406283510272451565442
135 131 -1817207434776504171495375669462562
131 135 -1817207434776504171495375669462562
134 24 928503203693773390717898495173366005760
24 134 928503203693773390717898495173366005760
134 48 778575812876799599893699706891659107231101
48 134 778575812876799599893699706891659107231101
134 72 86370706895113456240759214421119416632228
72 134 86370706895113456240759214421119416632228
134 96 -73046731965566061837207580200828812172
96 134 -73046731965566061837207580200828812172
134 120 128612335071029017433077246940836782
120 134 128612335071029017433077246940836782
133 13 -48702002690320827774828142568407040
13 133 -48702002690320827774828142568407040
133 37 -120874481490700545215489694270595364885504
37 133 -120874481490700545215489694270595364885504
133 61 324226657366598792346564926345098044556931
61 133 324226657366598792346564926345098044556931
133 85 1313009194810100333517537981825103698929
85 133 1313009194810100333517537981825103698929
133 109 -1446268942724249102845846667798189124
109 133 -1446268942724249102845846667798189124
133 133 -1858853325612794762817983604100322
132 2 231487338611952582656
2 132 231487338611952582656
132 26 4939606611025954710479502568636380676096
26 132 4939606611025954710479502568636380676096
132 50 1833360440523843921707217008351476349622297
50 132 1833360440523843921707217008351476349622297
132 74 154639720414258126153434621714810921810392
74 132 154639720414258126153434621714810921810392
132 98 -111003552076109334606836982791983508708
98 132 -111003552076109334606836982791983508708
132 122 150120215295929527614357021262982866
122 132 150120215295929527614357021262982866
131 15 -1474323850116573813438431020158812160
15 131 -1474323850116573813438431020158812160
131 39 -348926569655451040930116134901894072990208
39 131 -348926569655451040930116134901894072990208
131 63 600427857260496453824823384454449277911556
63 131 600427857260496453824823384454449277911556
131 87 1559875428594049697760974361461379143836
87 131 1559875428594049697760974361461379143836
131 111 -1785738387744424244249625082852417250
111 131 -1785738387744424244249625082852417250
130 4 2276795308160229492127694848
4 130 2276795308160229492127694848
130 28 22563306351432910303693889588599196549120
28 130 22563306351432910303693889588599196549120
130 52 4037347118173115491829039178550074707839360
52 130 4037347118173115491829039178550074707839360
130 76 263244728837729821925983504168763365006024
76 130 263244728837729821925983504168763365006024
130 100 -160133622492619105428535989993234775886
100 130 -160133622492619105428535989993234775886
130 124 167051291074900773078993495145678174
124 130 167051291074900773078993495145678174
129 17 -19990739686148955734044315402340925440
17 129 -19990739686148955734044315402340925440
129 41 -920548869798529359069666515323802790695040
41 129 -920548869798529359069666515323802790695040
129 65 1052461786926567979448035280731444923241486
65 129 1052461786926567979448035280731444923241486
129 89 1653975821290485824408498979559557111976
89 129 1653975821290485824408498979559557111976
129 113 -2143869359144236962508682672728779201
113 129 -2143869359144236962508682672728779201
128 6 14441046647692406276806087278592
6 128 14441046647692406276806087278592
128 30 90087903949437436415686205792032813383680
30 128 90087903949437436415686205792032813383680
128 54 8355559081447646950158453282867660354077706
54 128 8355559081447646950158453282867660354077706
128 78 427303972963364188703855989012667010531556
78 128 427303972963364188703855989012667010531556
128 102 -220053783998244261929482435076009584182
102 128 -220053783998244261929482435076009584182
128 126 176537873303643003075037158672709252
126 128 176537873303643003075037158672709252
127 19 -185476969819344591170229079575809228800
19 127 -185476969819344591170229079575809228800
127 43 -2235794204135710993428455811120236486258176
43 127 -2235794204135710993428455811120236486258176
127 67 1753900243939500704190149604081926186569924
67 127 1753900243939500704190149604081926186569924
127 91 1498978885182052450855029954665151292424
91 127 1498978885182052450855029954665151292424
127 115 -2496227535754394586364429105838511464
115 127 -2496227535754394586364429105838511464
126 8 -81871009520461628214036507131904
8 126 -81871009520461628214036507131904
126 32 319444532051670193723182651726505360392192
32 126 319444532051670193723182651726505360392192
126 56 16322062928439597929086372018437106000935883
56 126 16322062928439597929086372018437106000935883
126 80 663000764204855877892742426686541431236532
80 126 663000764204855877892742426686541431236532
126 104 -288910847463694534554681843199073354826
104 126 -288910847463694534554681843199073354826
125 21 -1275723825767317354689063533407627116544
21 125 -1275723825767317354689063533407627116544
125 45 -5031814686829335515594758785044544443382784
45 125 -5031814686829335515594758785044544443382784
125 69 2790037889875719868048557024330104957151579
69 125 2790037889875719868048557024330104957151579
125 93 1017010718640493225710832828732318563974
93 125 1017010718640493225710832828732318563974
125 117 -2796123996063302288616087107842588517
117 125 -2796123996063302288616087107842588517
124 10 17674627812125864289365865451749376
10 124 17674627812125864289365865451749376
124 34 1018704678657473683478462790317655472668672
34 124 1018704678657473683478462790317655472668672
124 58 30211651842439415176609913151799123161106701
58 124 30211651842439415176609913151799123161106701
124 82 985344761188583185414808923919106922847184
82 124 985344761188583185414808923919106922847184
124 106 -362910908643069751924697677004624874318
106 124 -362910908643069751924697677004624874318
123 23 -7009650843520532331958380756369498177536
23 123 -7009650843520532331958380756369498177536
123 47 -10555105770663443829471253316482232131535872
47 123 -10555105770663443829471253316482232131535872
123 71 4251866098534510675741702897966417447553776
71 123 4251866098534510675741702897966417447553776
123 95 173756380380178830975251106161716772400
95 123 173756380380178830975251106161716772400
123 119 -3000399898761716194665578095804257290
119 123 -3000399898761716194665578095804257290
122 12 910265145819365784832866179132424192
12 122 910265145819365784832866179132424192
122 36 2952718815810951533275214192440056801067008
36 122 2952718815810951533275214192440056801067008
122 60 53169330232396707420554724414174361265961493
60 122 53169330232396707420554724414174361265961493
122 84 1405189132177990459019925757789397198871888
84 122 1405189132177990459019925757789397198871888
122 108 -436334787508465694308403005877681998344
108 122 -436334787508465694308403005877681998344
121 1 -26683880190771200
1 121 -26683880190771200
121 25 -31998405176516819350525941182598357712896
25 121 -31998405176516819350525941182598357712896
121 49 -20750506071462322710180155286086274851643584
49 121 -20750506071462322710180155286086274851643584
121 73 6226877442037674029959607997607456331657888
73 121 6226877442037674029959607997607456331657888
121 97 -1004192649946430672448370765417879774360
97 121 -1004192649946430672448370765417879774360
121 121 -3071319704363242237519739405986930522
120 14 9418502917578328599465126569019703296
14 120 9418502917578328599465126569019703296
120 38 7845154444976897585116949141444805814206464
38 120 7845154444976897585116949141444805814206464
120 62 89239710947109604949795385809466898011508195
62 120 89239710947109604949795385809466898011508195
120 86 1925883211754028264590075008146472525942376
86 120 1925883211754028264590075008146472525942376
120 110 -501809224893411089281101750852920957380
110 120 -501809224893411089281101750852920957380
119 3 330834932626781122938798080
3 119 330834932626781122938798080
119 27 -125034493385530471451951049674051165356032
27 119 -125034493385530471451951049674051165356032
119 51 -38427382864671773044788696605084753786339584
51 119 -38427382864671773044788696605084753786339584
119 75 8786661776294928111583597586331261190126424
75 119 8786661776294928111583597586331261190126424
119 99 -2424514900586400240337699767459998450996
99 119 -2424514900586400240337699767459998450996
118 16 76298856222741578901147712646589448192
16 118 76298856222741578901147712646589448192
118 40 19247442617428440209459122237725892750360576
40 118 19247442617428440209459122237725892750360576
118 64 143232220564218119853160868441397108454897957
64 118 143232220564218119853160868441397108454897957
118 88 2540216645433124083683626690967105119592296
88 118 2540216645433124083683626690967105119592296
118 112 -551424390403876282646380433264505243362
112 118 -551424390403876282646380433264505243362
117 5 -20127220656880665832155863056384
5 117 -20127220656880665832155863056384
117 29 -427454341158063751157608730565644210143232
29 117 -427454341158063751157608730565644210143232
117 53 -67357554363300350684674257966812475087455104
53 117 -67357554363300350684674257966812475087455104
117 77 11972372940991516339092422971679078218419395
77 117 11972372940991516339092422971679078218419395
117 101 -3940435587189807497368925718021140429326
101 117 -3940435587189807497368925718021140429326
116 18 373653638206553963684983832166887587840
18 116 373653638206553963684983832166887587840
116 42 43883320795922165230812045392028669225631744
42 116 43883320795922165230812045392028669225631744
116 66 220371105451852706233023956812053369172075891
66 116 220371105451852706233023956812053369172075891
116 90 3228356446771225146940571284030065877304944
90 116 3228356446771225146940571284030065877304944
116 114 -578262674900326163884133640663249127986
114 116 -578262674900326163884133640663249127986
115 7 4145459168433918412251707150958592
7 115 4145459168433918412251707150958592
115 31 -1295885593796061144121160725133702141575168
31 115 -1295885593796061144121160725133702141575168
115 55 -112249615612128045068169574661243275940475136
55 115 -112249615612128045068169574661243275940475136
115 79 15779437824139248115541832692312074515759908
79 115 15779437824139248115541832692312074515759908
115 103 -5374799298887154763687460047085893740616
103 115 -5374799298887154763687460047085893740616
114 20 1201726505233383156206269234203164934144
20 114 1201726505233383156206269234203164934144
114 44 93516713979783426168535966247133051632451584
44 114 93516713979783426168535966247133051632451584
114 68 325705983276923788689152020828205339740632279
68 114 325705983276923788689152020828205339740632279
114 92 3957477569779239933524144451134056951075536
92 114 3957477569779239933524144451134056951075536
113 9 -103102562932198493125926702741979136
9 113 -103102562932198493125926702741979136
113 33 -3515054228877954653166371254614007990190080
33 113 -3515054228877954653166371254614007990190080
113 57 -178562424952046071555107649557126717257701056
57 113 -178562424952046071555107649557126717257701056
113 81 20144467018935097853027874857710106601773138
81 113 20144467018935097853027874857710106601773138
113 105 -6551405515832938674417770169373249791536
105 113 -6551405515832938674417770169373249791536
112 22 933230496486495510516808575550283055104
22 112 933230496486495510516808575550283055104
112 46 187227489525701386551460221264161608862810112
46 112 187227489525701386551460221264161608862810112
112 70 463309813885316073090516718329042992401559225
70 112 463309813885316073090516718329042992401559225
112 94 4683461183357963821102334474771667872256104
94 112 4683461183357963821102334474771667872256104
111 11 -1636453789543787748240460872553594880
11 111 -1636453789543787748240460872553594880
111 35 -8586398036837101794185977913748610980773888
35 111 -8586398036837101794185977913748610980773888
111 59 -272119430306208683247468985469850716643441664
59 111 -272119430306208683247468985469850716643441664
111 83 24936767248941954456808019197804969048641564
83 111 24936767248941954456808019197804969048641564
111 107 -7322616577393412738474134194698328963768
107 111 -7322616577393412738474134194698328963768
110 24 -11418761151849218059359641555670468132864
24 110 -11418761151849218059359641555670468132864
110 48 353774415442384716762149742268905130525605888
48 110 353774415442384716762149742268905130525605888
110 72 635342876741541029094731516152835772468510589
72 110 635342876741541029094731516152835772468510589
110 96 5354752122650915456120920342469959063680200
96 110 5354752122650915456120920342469959063680200
109 13 -25688605814018479086944979409730273280
13 109 -25688605814018479086944979409730273280
109 37 -18997781373466368963001413901051643022016512
37 109 -18997781373466368963001413901051643022016512
109 61 -398520156290411137917414911846877205226104832
61 109 -398520156290411137917414911846877205226104832
109 85 29958112413127740673300339776865001612192417
85 109 29958112413127740673300339776865001612192417
109 109 -7591050159264043293785512001644025496956
108 2 1543323027691281789747200
2 108 1543323027691281789747200
108 26 -80362715494567270487053565887002917732352
26 108 -80362715494567270487053565887002917732352
108 50 633404294816801284724468210543865535735365632
50 108 633404294816801284724468210543865535735365632
108 74 841120562571264492651553341661740820934984775
74 108 841120562571264492651553341661740820934984775
108 98 5917994109045126360437325400168774222438144
98 108 5917994109045126360437325400168774222438144
107 15 -103863331614891606764356273371510472704
15 107 -103863331614891606764356273371510472704
107 39 -38269802213019608352751806738450955352670208
39 107 -38269802213019608352751806738450955352670208
107 63 -562346353682875399141350245525200716168091136
63 107 -562346353682875399141350245525200716168091136
107 87 34951850492740545255765193220269770948967552
87 107 34951850492740545255765193220269770948967552
106 4 8228552452164517880937060499456
4 106 8228552452164517880937060499456
106 28 -350905781778531113984890140392894645665792
28 106 -350905781778531113984890140392894645665792
106 52 1078250409319341350608828433075254743064674304
52 106 1078250409319341350608828433075254743064674304
106 76 1076355573028441749557983347329275671239191725
76 106 1076355573028441749557983347329275671239191725
106 100 6324734110598756961580605004891243651683648
100 106 6324734110598756961580605004891243651683648
105 17 161797975289005255222781423617310720000
17 105 161797975289005255222781423617310720000
105 41 -70475592608201685573365445614675527201456128
41 105 -70475592608201685573365445614675527201456128
105 65 -766231868223457045701915070187461005978841280
65 105 -766231868223457045701915070187461005978841280
105 89 39622580205956750111714209767315806649047568
89 105 39622580205956750111714209767315806649047568
104 6 -8182756918240043535378446133755904
6 104 -8182756918240043535378446133755904
104 30 -1235351821571909099467770232971314780438528
30 104 -1235351821571909099467770232971314780438528
104 54 1750237073257939716930994130995884075137253376
54 104 1750237073257939716930994130995884075137253376
104 78 1332764205496488818807673230629602492668385815
78 104 1332764205496488818807673230629602492668385815
104 102 6538078510167990891470761291217006071633392
102 104 6538078510167990891470761291217006071633392
103 19 6893927813388597031000133957705137127424
19 103 6893927813388597031000133957705137127424
103 43 -119025938889731221314853348622316775131840512
43 103 -119025938889731221314853348622316775131840512
103 67 -1009884020744911879394677292307972769008634112
67 103 -1009884020744911879394677292307972769008634112
103 91 43663409297905755566520589593806210125802128
91 103 43663409297905755566520589593806210125802128
102 8 693115022675994253919710350837547008
8 102 693115022675994253919710350837547008
102 32 -3774048256623506358778391647067095582113792
32 102 -3774048256623506358778391647067095582113792
102 56 2715651130183089675848672979708073702344835072
56 102 2715651130183089675848672979708073702344835072
102 80 1598195562618864238476770841171193544438070008
80 102 1598195562618864238476770841171193544438070008
101 21 48897834179315507041115508190132188479488
21 101 48897834179315507041115508190132188479488
101 45 -184694412677667084259053904034656867209707520
45 101 -184694412677667084259053904034656867209707520
101 69 -1289245889211846262593783990893446822513480832
69 101 -1289245889211846262593783990893446822513480832
101 93 46788564481939274142413485420804467327532540
93 101 46788564481939274142413485420804467327532540
100 10 -1280051969160634283352692419649863680
10 100 -1280051969160634283352692419649863680
100 34 -10302369011186025543635057725259868283076608
34 100 -10302369011186025543635057725259868283076608
100 58 4035972141828436727459057352372661955982065664
58 100 4035972141828436727459057352372661955982065664
100 82 1857372942947019471766326332561184604913260506
82 100 1857372942947019471766326332561184604913260506
99 23 248232446069318833490642771873710267695104
23 99 248232446069318833490642771873710267695104
99 47 -263389763140434694405803407815001144566480896
47 99 -263389763140434694405803407815001144566480896
99 71 -1595953103932285085235713228659518019113060096
71 99 -1595953103932285085235713228659518019113060096
99 95 48765315906686839006231043744397581978983184
95 99 48765315906686839006231043744397581978983184
98 12 -101477351410677263653169474737557995520
12 98 -101477351410677263653169474737557995520
98 36 -25621534879291874984995969997328878388903936
36 98 -25621534879291874984995969997328878388903936
98 60 5755654685401048920145615903905370926579253248
60 98 5755654685401048920145615903905370926579253248
98 84 2093222159465421182233061667563231629081670739
84 98 2093222159465421182233061667563231629081670739
97 1 21906401390971846656
1 97 21906401390971846656
97 25 976374326508464615097217254645451940954112
25 97 976374326508464615097217254645451940954112
97 49 -344197482364298941829621476707559984052043776
49 97 -344197482364298941829621476707559984052043776
97 73 -1917319194440175403091221745719360103180314688
73 97 -1917319194440175403091221745719360103180314688
97 97 49441864797971462292646768556348671593735136
96 14 -1232891483272508416069318825263797108736
14 96 -1232891483272508416069318825263797108736
96 38 -58643028883842351180412599454677400555618304
38 96 -58643028883842351180412599454677400555618304
96 62 7888417635344499771760947233367951466259972096
62 96 7888417635344499771760947233367951466259972096
96 86 2288646059747995836778406696250462626162447155
86 96 2288646059747995836778406696250462626162447155
95 3 -564957227676385995254661120000
3 95 -564957227676385995254661120000
95 27 3170665057533288199998200252808021789376512
27 95 3170665057533288199998200252808021789376512
95 51 -408911984353358563969852863010931774281744384
51 95 -408911984353358563969852863010931774281744384
95 75 -2236918431535394896368972366097265340733923328
75 95 -2236918431535394896368972366097265340733923328
94 16 -7415157271170471174571029244515201318912
16 94 -7415157271170471174571029244515201318912
94 40 -124158381569034029057586434981290148370579456
40 94 -124158381569034029057586434981290148370579456
94 64 10404727379694076246768134926201262569850044416
64 94 10404727379694076246768134926201262569850044416
94 88 2428498977989464081458365600588867846163589612
88 94 2428498977989464081458365600588867846163589612
93 5 4690508568747501563596907372085248
5 93 4690508568747501563596907372085248
93 29 8788265450077671416963274761156583116242944
29 93 8788265450077671416963274761156583116242944
93 53 -433579837696373115953741556497660539561836544
53 93 -433579837696373115953741556497660539561836544
93 77 -2535845133181232007149709425108211625539044352
77 93 -2535845133181232007149709425108211625539044352
92 18 -29178246847632742579771973485627346780160
18 92 -29178246847632742579771973485627346780160
92 42 -243801821652407866779485798160785217062699008
42 92 -243801821652407866779485798160785217062699008
92 66 13223348005974938201868579979387149833441050624
66 92 13223348005974938201868579979387149833441050624
92 90 2501454422675267950390873840950358352141888132
90 92 2501454422675267950390873840950358352141888132
91 7 -1254620277926696542199325978806714368
7 91 -1254620277926696542199325978806714368
91 31 21348231292318470057375742335437579036393472
31 91 21348231292318470057375742335437579036393472
91 55 -392948320877163957676940972435741420401197056
55 91 -392948320877163957676940972435741420401197056
91 79 -2794458195065968356257317734003597448051336192
79 91 -2794458195065968356257317734003597448051336192
90 20 -127615409306035580755191268669546993549312
20 90 -127615409306035580755191268669546993549312
90 44 -445686546628401746202338364190212645495767040
44 90 -445686546628401746202338364190212645495767040
90 68 16209828125815766767714895671845097271605395456
68 90 16209828125815766767714895671845097271605395456
89 9 23614460470928704485796225566285758464
9 89 23614460470928704485796225566285758464
89 33 46474315204086597312145949151395060496990208
33 89 46474315204086597312145949151395060496990208
89 57 -266603257827293456160740561055204917634400256
57 89 -266603257827293456160740561055204917634400256
89 81 -2994468126844113545114463066931485908962082560
81 89 -2994468126844113545114463066931485908962082560
88 22 -282361403518065588806530846494641908350976
22 88 -282361403518065588806530846494641908350976
88 46 -762041918354656549034186551152730561079934976
46 88 -762041918354656549034186551152730561079934976
88 70 19183457007034219811235162008664751604761001984
70 88 19183457007034219811235162008664751604761001984
87 11 561407333350361499278195221789080027136
11 87 561407333350361499278195221789080027136
87 35 92400165645155495876456754454089251340419072
35 87 92400165645155495876456754454089251340419072
87 59 -45549192578381599467176225973657081584025600
59 87 -45549192578381599467176225973657081584025600
87 83 -3120980218027957696398786799641445246654923776
83 87 -3120980218027957696398786799641445246654923776
86 24 224140134519926346581372313647923748405248
24 86 224140134519926346581372313647923748405248
86 48 -1225520800280406381712188409866628360833073152
48 86 -1225520800280406381712188409866628360833073152
86 72 21933064694378149708271289722756952324834099200
72 86 21933064694378149708271289722756952324834099200
85 13 5145892841891009857399825087052289933312
13 85 5145892841891009857399825087052289933312
85 37 169562974443189490410457585114710312537292800
37 85 169562974443189490410457585114710312537292800
85 61 263243078027557122198305705929704675569827840
61 85 263243078027557122198305705929704675569827840
85 85 -3164279347070173586729393187606314981999048704
84 2 1197133557546624638131372032
2 84 1197133557546624638131372032
84 26 5173333254417825483101425464215053090684928
26 84 5173333254417825483101425464215053090684928
84 50 -1862330569948134746315179137089390394031996928
50 84 -1862330569948134746315179137089390394031996928
84 74 24240103870648837572351284839091299215106637824
74 84 24240103870648837572351284839091299215106637824
83 15 38654357024160966516810035651892652015616
15 83 38654357024160966516810035651892652015616
83 39 288415635907903299585613594712820438003613696
39 83 288415635907903299585613594712820438003613696
83 63 635572034099321304603085967841033833937895424
63 83 635572034099321304603085967841033833937895424
82 4 -754447971207713463786135799988224
4 82 -754447971207713463786135799988224
82 28 25835194376476370113771227712530653634363392
28 82 25835194376476370113771227712530653634363392
82 52 -2686596373421129137501320867890338373751013376
52 82 -2686596373421129137501320867890338373751013376
82 76 25906110917012508514634158100034533997296222208
76 82 25906110917012508514634158100034533997296222208
81 17 196371347985046902115679888421161227255808
17 81 196371347985046902115679888421161227255808
81 41 455117499717753580017061571804464220590833664
41 81 455117499717753580017061571804464220590833664
81 65 1032961546568284896590279663424933836705234944
65 81 1032961546568284896590279663424933836705234944
80 6 723628401210764223456135440968450048
6 80 723628401210764223456135440968450048
80 30 86346187886885347299464108583497751758635008
30 80 86346187886885347299464108583497751758635008
80 54 -3691889865755887603151503581476189211891597312
54 80 -3691889865755887603151503581476189211891597312
80 78 26779969577648090691464238248824856869410373632
78 80 26779969577648090691464238248824856869410373632
79 19 575826634758527040013123324699673687490560
19 79 575826634758527040013123324699673687490560
79 43 669517405695826771580905329533684269082214400
43 79 669517405695826771580905329533684269082214400
79 67 1408971387407474298372085526583284528740040704
67 79 1408971387407474298372085526583284528740040704
78 8 -51838565756571132913285200614933921792
8 78 -51838565756571132913285200614933921792
78 32 227082713990592245909232178087557981330735104
32 78 227082713990592245909232178087557981330735104
78 56 -4847119692641455364243361094628984673760444416
56 78 -4847119692641455364243361094628984673760444416
77 21 1993204038843591611364031113119983548235776
21 77 1993204038843591611364031113119983548235776
77 45 926890069995459469973483561806871796354383872
45 77 926890069995459469973483561806871796354383872
77 69 1717411647542509875866571943280181193352413184
69 77 1717411647542509875866571943280181193352413184
76 10 -666694127435862515673035616557471891456
10 76 -666694127435862515673035616557471891456
76 34 502390644947754278981188474998694383745761280
34 76 502390644947754278981188474998694383745761280
76 58 -6088634703061048131107068661804824515405938688
58 76 -6088634703061048131107068661804824515405938688
75 23 6705707266750907040703842710017839032434688
23 75 6705707266750907040703842710017839032434688
75 47 1222259129060059884063885381064880829348446208
47 75 1222259129060059884063885381064880829348446208
75 71 1919580000064218788914563434334998747877998592
71 75 1919580000064218788914563434334998747877998592
74 12 2877144893818052044787339280971076730880
12 74 2877144893818052044787339280971076730880
74 36 973029228660557804968632789992668135122010112
36 74 973029228660557804968632789992668135122010112
74 60 -7320482978343630782002047844659140465528930304
60 74 -7320482978343630782002047844659140465528930304
73 1 -6638594081120262815744
1 73 -6638594081120262815744
73 25 22260458049733501162191910694231558951272448
25 73 22260458049733501162191910694231558951272448
73 49 1552919452555286760720062991905949653900722176
49 73 1552919452555286760720062991905949653900722176
73 73 1989948252950113365206109258158971419874033664
72 14 44789512920692458518454293271746535489536
14 72 44789512920692458518454293271746535489536
72 38 1699398157631573154572003061249653877367635968
38 72 1699398157631573154572003061249653877367635968
72 62 -8418961756829334821664328792037639132891054080
62 72 -8418961756829334821664328792037639132891054080
71 3 75765989197623086144392284602368
3 71 75765989197623086144392284602368
71 27 68438675917008472627003890553119741250109440
27 71 68438675917008472627003890553119741250109440
71 51 1917421993643517333850413947778105620824064000
51 71 1917421993643517333850413947778105620824064000
70 16 53933045145435549217101186298005411594240
16 70 53933045145435549217101186298005411594240
70 40 2725383958109549097428595751153339099296825344
40 70 2725383958109549097428595751153339099296825344
70 64 -9251366105474159631235376147052189601016840192
64 70 -9251366105474159631235376147052189601016840192
69 5 -119451431759605587077534297402376192
5 69 -119451431759605587077534297402376192
69 29 189356846365866092738965722747024648374845440
29 69 189356846365866092738965722747024648374845440
69 53 2301962196105244075212292548852994436575002624
53 69 2301962196105244075212292548852994436575002624
68 18 -601374404049969406914460897966562115321856
18 68 -601374404049969406914460897966562115321856
68 42 4042853669315952572750644764130360659883851776
42 68 4042853669315952572750644764130360659883851776
68 66 -9701637801540550521935509062273713882032766976
66 68 -9701637801540550521935509062273713882032766976
67 7 40066343209838417472840618341671370752
7 67 40066343209838417472840618341671370752
67 31 463717922356697417204093541552706984391737344
31 67 463717922356697417204093541552706984391737344
67 55 2680303907359948859178667636821732348800270336
55 67 2680303907359948859178667636821732348800270336
66 20 48834189527882526497559585020160046530560
20 66 48834189527882526497559585020160046530560
66 44 5577346698119779437588333350117397751224336384
44 66 5577346698119779437588333350117397751224336384
65 9 -598962804325210911108194149755544141824
9 65 -598962804325210911108194149755544141824
65 33 991326010124758471727959288995300680855977984
33 65 991326010124758471727959288995300680855977984
65 57 3002315279663179018842011806917785699125035008
57 65 3002315279663179018842011806917785699125035008
64 22 8147430746908972463493420534226095144173568
22 64 8147430746908972463493420534226095144173568
64 46 7216798985254932548454310531339438236400353280
46 64 7216798985254932548454310531339438236400353280
63 11 -26781251113131021583547285448432048668672
11 63 -26781251113131021583547285448432048668672
63 35 1825891092179026715941339590679126899542720512
35 63 1825891092179026715941339590679126899542720512
63 59 3221654860025820488230556894603309969529896960
59 63 3221654860025820488230556894603309969529896960
62 24 42994562417042443980709507166549930953146368
24 62 42994562417042443980709507166549930953146368
62 48 8838172367876215471073290308041760409022103552
48 62 8838172367876215471073290308041760409022103552
61 13 -264172454907360366961857543607330866724864
13 61 -264172454907360366961857543607330866724864
61 37 2910113651559196844305156956716888447017549824
37 61 2910113651559196844305156956716888447017549824
61 61 3297804421450128478668286225789083298853552128
60 2 155858491997265627187484033024
2 60 155858491997265627187484033024
60 26 138658506430868620121008285912964429344931840
26 60 138658506430868620121008285912964429344931840
60 50 10316182642631940528390276902279808398053605376
50 60 10316182642631940528390276902279808398053605376
59 15 -1369559719697423314976665575698276846403584
15 59 -1369559719697423314976665575698276846403584
59 39 4109270874164739183723661393860001049557860352
39 59 4109270874164739183723661393860001049557860352
58 4 23808612380619042766172136228782080
4 58 23808612380619042766172136228782080
58 28 324763259802660144926467509547597572190765056
28 58 324763259802660144926467509547597572190765056
58 52 11479677310740408109110308579958760209135960064
52 58 11479677310740408109110308579958760209135960064
57 17 -3329774611715180821604091088426448992600064
17 57 -3329774611715180821604091088426448992600064
57 41 5348346664724105679594567510536601331002507264
41 57 5348346664724105679594567510536601331002507264
56 6 -1684659517145886359774621181587488768
6 56 -1684659517145886359774621181587488768
56 30 624522872891860150342442071008260803413409792
30 56 624522872891860150342442071008260803413409792
56 54 12131590277512610813864192487744784080905961472
54 56 12131590277512610813864192487744784080905961472
55 19 3174456400328190492131537570531899309293568
19 55 3174456400328190492131537570531899309293568
55 43 6507513713015589182997008518049911162676445184
43 55 6507513713015589182997008518049911162676445184
54 8 1169802279684156681460296417993719545856
8 54 1169802279684156681460296417993719545856
54 32 1069493688287197294844331550930728711819886592
32 54 1069493688287197294844331550930728711819886592
53 21 23065835838142717768122531587727703156981760
21 53 23065835838142717768122531587727703156981760
53 45 7439149836385104243429308625706395923170459648
45 53 7439149836385104243429308625706395923170459648
52 10 20070385084784736177648714456561140891648
10 52 20070385084784736177648714456561140891648
52 34 1656870824244620727099342398759866040246599680
34 52 1656870824244620727099342398759866040246599680
51 23 55159240242835040484628818979685483136679936
23 51 55159240242835040484628818979685483136679936
51 47 7992162818471053809438939049549629118845288448
47 51 7992162818471053809438939049549629118845288448
50 12 183741968928612735975902836421316344545280
12 50 183741968928612735975902836421316344545280
50 36 2353802929897977976428486113326542277073436672
36 50 2353802929897977976428486113326542277073436672
49 1 894814661527502929788928
1 49 894814661527502929788928
49 25 101963936065185782435040596127392904693940224
25 49 101963936065185782435040596127392904693940224
49 49 8175323383365419689434435973401696760902975488
48 14 1133070689365518586743722672792339904200704
14 48 1133070689365518586743722672792339904200704
48 38 2727338621416692880130977280939634992189800448
38 48 2727338621416692880130977280939634992189800448
47 3 -1834856463585215037885151684067328
3 47 -1834856463585215037885151684067328
47 27 190893534560700267209128628159997138102648832
27 47 190893534560700267209128628159997138102648832
46 16 4205280652745242625311598078682219895848960
16 46 4205280652745242625311598078682219895848960
46 40 2454095701199671849755169432247891848232697856
40 46 2454095701199671849755169432247891848232697856
45 5 362037647916487439631246460790505472
5 45 362037647916487439631246460790505472
45 29 371746091624825204664823305146732009198977024
29 45 371746091624825204664823305146732009198977024
44 18 9647197262325350724453284836735837414621184
18 44 9647197262325350724453284836735837414621184
44 42 1947552988119991980293576905704509168651599872
42 44 1947552988119991980293576905704509168651599872
43 7 -186087207255642248543034505113043468288
7 43 -186087207255642248543034505113043468288
43 31 702488944555428273914057465668573374674108416
31 43 702488944555428273914057465668573374674108416
42 20 -797211806438188853458711161733283410083840
20 42 -797211806438188853458711161733283410083840
41 9 2624517158671002824090068856562325127168
9 41 2624517158671002824090068856562325127168
41 33 698691450605070931356431469410793458776408064
33 41 698691450605070931356431469410793458776408064
40 22 -11308860472979228774080587993059675613429760
22 40 -11308860472979228774080587993059675613429760
39 11 25135898248174284861837760135448179507200
11 39 25135898248174284861837760135448179507200
39 35 159699646212162113544405681843542922021044224
35 39 159699646212162113544405681843542922021044224
38 24 45027114671521289220030302557707851033214976
24 38 45027114671521289220030302557707851033214976
37 13 80839989001237966532671040820318610391040
13 37 80839989001237966532671040820318610391040
37 37 -213619302560707005631453713434689073309548544
36 2 3108027342423585316555655741440
2 36 3108027342423585316555655741440
36 26 199838774870360549125031847266877001644900352
26 36 199838774870360549125031847266877001644900352
35 15 -775410913076611065130256687087929876545536
15 35 -775410913076611065130256687087929876545536
34 4 263594228895495251869373323200692224
4 34 263594228895495251869373323200692224
34 28 97129163264220495346226199861605259515265024
28 34 97129163264220495346226199861605259515265024
33 17 -361914108294205823865283330407903562563584
17 33 -361914108294205823865283330407903562563584
32 6 40985078013453472860527504687974318080
6 32 40985078013453472860527504687974318080
32 30 -203049001913193645290399105410377808084992000
30 32 -203049001913193645290399105410377808084992000
31 19 2052601501662974564328865636262422115254272
19 31 2052601501662974564328865636262422115254272
30 8 -318111282073456981015475314846498553856
8 30 -318111282073456981015475314846498553856
29 21 13990890565017152925998616840067885905739776
21 29 13990890565017152925998616840067885905739776
28 10 5627677366331079333534923699444024082432
10 28 5627677366331079333534923699444024082432
27 23 -4978852500128225148614233476699965133684736
23 27 -4978852500128225148614233476699965133684736
26 12 -16539871671318457204991312294619480326144
12 26 -16539871671318457204991312294619480326144
25 1 -54703893337561970155454464
1 25 -54703893337561970155454464
25 25 -21591324704807913170900806121699479931322368
24 14 -92095287416691341461291206740875658919936
14 24 -92095287416691341461291206740875658919936
23 3 2173999733504051207391200831078400
3 23 2173999733504051207391200831078400
22 16 420051116686802810134985865964434566938624
16 22 420051116686802810134985865964434566938624
21 5 -1431016961288930714440915820786745344
5 21 -1431016961288930714440915820786745344
20 18 -318777018681281244237316784751470203371520
18 20 -318777018681281244237316784751470203371520
19 7 60131063689491863549934998835077054464
7 19 60131063689491863549934998835077054464
17 9 -571927536857842533785808132589645463552
9 17 -571927536857842533785808132589645463552
15 11 1973768868661152737258246883652675829760
11 15 1973768868661152737258246883652675829760
13 13 -2906423652729032151372518826915433283584
12 2 3287485174014124158462191468544
2 12 3287485174014124158462191468544
10 4 1275435714993098450534541868138496
4 10 1275435714993098450534541868138496
8 6 13289352474149406563550538466590720
6 8 13289352474149406563550538466590720
1 1 1237940039285380274899124224
