# Weber-f modular polynomial Phi_53^f(X,Y); r=q^(1/48).
54 0 1
0 54 1
53 5 -159
5 53 -159
53 29 53
29 53 53
53 53 -1
52 10 8321
10 52 8321
52 34 2756
34 52 2756
51 15 -157357
15 51 -157357
51 39 12455
39 51 12455
50 20 721807
20 50 721807
50 44 10759
44 50 10759
49 1 636
1 49 636
49 25 1062491
25 49 1062491
49 49 1643
48 6 587929
6 48 587929
48 30 428028
30 48 428028
47 11 18686740
11 47 18686740
47 35 -952304
35 47 -952304
46 16 49785815
16 46 49785815
46 40 -388596
40 46 -388596
45 21 45007070
21 45 45007070
45 45 -156774
44 2 133136
2 44 133136
44 26 27566731
26 44 27566731
43 7 -74746960
7 43 -74746960
43 31 3318012
31 43 3318012
42 12 -201298876
12 42 -201298876
42 36 357220
36 42 357220
41 17 -70031020
17 41 -70031020
41 41 2812710
40 22 233643557
22 40 233643557
39 3 10070848
3 39 10070848
39 27 73141325
27 39 73141325
38 8 796573040
8 38 796573040
38 32 53780054
32 38 53780054
37 13 280124080
13 37 280124080
37 37 10314754
36 18 238108436
18 36 238108436
35 23 -285029972
23 35 -285029972
34 4 184782592
4 34 184782592
34 28 -244643389
28 34 -244643389
33 9 -2880452480
9 33 -2880452480
33 33 114282628
32 14 3738296912
14 32 3738296912
31 19 1140119888
19 31 1140119888
30 24 1958589454
24 30 1958589454
29 5 -1087990784
5 29 -1087990784
29 29 -260254698
28 10 7057083136
10 28 7057083136
27 15 -4681044800
15 27 -4681044800
26 20 -3914294224
20 26 -3914294224
25 1 -868352
1 25 -868352
25 25 1041018792
24 6 1753202688
6 24 1753202688
23 11 -3397644288
11 23 -3397644288
22 16 13767693824
16 22 13767693824
21 21 -7314088192
20 2 180617216
2 20 180617216
19 7 15602548736
7 19 15602548736
18 12 1463173120
12 18 1463173120
17 17 -10562308096
15 3 -3265003520
3 15 -3265003520
14 8 -25467027456
8 14 -25467027456
13 13 -46083440640
10 4 11281629184
4 10 11281629184
9 9 41097363456
5 5 -6891241472
1 1 67108864
