# Weber-f modular polynomial Phi_179^f(X,Y); r=q^(1/48).
180 0 1
0 180 1
179 11 519458
11 179 519458
179 35 -21030889
35 179 -21030889
179 59 21641816
59 179 21641816
179 83 -4594572
83 179 -4594572
179 107 351377
107 179 351377
179 131 -11814
131 179 -11814
179 155 179
155 179 179
179 179 -1
178 22 78879580771
22 178 78879580771
178 46 7347020678361
46 178 7347020678361
178 70 17199125327444
70 178 17199125327444
178 94 4158231652612
94 178 4158231652612
178 118 162303385496
118 178 162303385496
178 142 985839099
142 178 985839099
178 166 387714
166 178 387714
177 9 -5905390611
9 177 -5905390611
177 33 3484419729488564
33 177 3484419729488564
177 57 -154497356024099654
57 177 -154497356024099654
177 81 127229600428933149
81 177 127229600428933149
177 105 -6478542850369374
105 177 -6478542850369374
177 129 54209353030961
129 177 54209353030961
177 153 -32693762701
153 177 -32693762701
177 177 3222
176 20 3658039794375668
20 176 3658039794375668
176 44 27949256625692026380
44 176 27949256625692026380
176 68 125117096798776280421
68 176 125117096798776280421
176 92 -40839836340976336
92 176 -40839836340976336
176 116 -22007496954442148
116 176 -22007496954442148
176 140 336708575325760
140 176 336708575325760
176 164 6872642529
164 176 6872642529
175 7 344592941528
7 175 344592941528
175 31 -128850546196495267495
31 175 -128850546196495267495
175 55 14245373686616777985339
55 175 14245373686616777985339
175 79 -1075187559650369262057
79 175 -1075187559650369262057
175 103 1930493288093801813
103 175 1930493288093801813
175 127 -183588819251005698
127 175 -183588819251005698
175 151 188849064860343
151 175 188849064860343
175 175 -3866937
174 18 3599206464096266413
18 174 3599206464096266413
174 42 202099028565121980637256
42 174 202099028565121980637256
174 66 6136507852495896774627
66 174 6136507852495896774627
174 90 2422787753562930378833
90 174 2422787753562930378833
174 114 78737359802949674601
114 174 78737359802949674601
174 138 -18317180194037134
138 174 -18317180194037134
174 162 8800238923797
162 174 8800238923797
173 5 -689185883056
5 173 -689185883056
173 29 150039848160654960083094
29 173 150039848160654960083094
173 53 -2636132710896682956950598
53 173 -2636132710896682956950598
173 77 235950072715357966058595
77 173 235950072715357966058595
173 101 -15340029779128003897532
101 173 -15340029779128003897532
173 125 6263485894818357600
125 173 6263485894818357600
173 149 -4550667210671712
149 173 -4550667210671712
173 173 2111795997
172 16 334869342205978067040
16 172 334869342205978067040
172 40 33141365221103610624963138
40 172 33141365221103610624963138
172 64 6435661841914925206214971
64 172 6435661841914925206214971
172 88 696766410515792449101220
88 172 696766410515792449101220
172 112 4084782124520209338091
112 172 4084782124520209338091
172 136 -1653342535193716987
136 172 -1653342535193716987
172 160 1884942557068429
160 172 1884942557068429
171 3 47243124888
3 171 47243124888
171 27 -21823128373442097006103983
27 171 -21823128373442097006103983
171 51 -91078751925142868071465528
51 171 -91078751925142868071465528
171 75 -64945313733088739218975673
75 171 -64945313733088739218975673
171 99 731408746405151860723503
99 171 731408746405151860723503
171 123 -7377064983142309132750
123 171 -7377064983142309132750
171 147 -1624283134757855126
147 171 -1624283134757855126
171 171 -502845780058
170 14 5621828895293095718704
14 170 5621828895293095718704
170 38 61004680428717141665555464
38 170 61004680428717141665555464
170 62 799114684465547811455011532
62 170 799114684465547811455011532
170 86 2120393359183395754886300
86 170 2120393359183395754886300
170 110 92437755709141677449583
110 170 92437755709141677449583
170 134 1370227865876105643405
134 170 1370227865876105643405
170 158 130175062804816137
158 170 130175062804816137
169 1 -16622656
1 169 -16622656
169 25 819066203371918457279799984
25 169 819066203371918457279799984
169 49 -4331165842196293169626763962
49 169 -4331165842196293169626763962
169 73 1853649670653307847514140297
73 169 1853649670653307847514140297
169 97 -44313895323260603506889328
97 169 -44313895323260603506889328
169 121 252055230806595335149618
121 169 252055230806595335149618
169 145 -117709826396259550131
145 169 -117709826396259550131
169 169 35926846381895
168 12 22274358887315864562239
12 168 22274358887315864562239
168 36 617989731475232050000178637
36 168 617989731475232050000178637
168 60 -26208204161026883421640758168
60 168 -26208204161026883421640758168
168 84 -415927100489959397351775716
84 168 -415927100489959397351775716
168 108 4351278144771463731421181
108 168 4351278144771463731421181
168 132 -5761234462120601016907
132 168 -5761234462120601016907
168 156 5045942626025398939
156 168 5045942626025398939
167 23 -11813299227398177520219713540
23 167 -11813299227398177520219713540
167 47 74027989208038471124562139942
47 167 74027989208038471124562139942
167 71 -12132256623118560525729817259
71 167 -12132256623118560525729817259
167 95 1074801234870226253835717108
95 167 1074801234870226253835717108
167 119 -7965045027629765457438541
119 167 -7965045027629765457438541
167 143 -971315496440687661618
143 167 -971315496440687661618
167 167 1146826064872075
166 10 22487315581172382874816
10 166 22487315581172382874816
166 34 -95706333519557610096814993689
34 166 -95706333519557610096814993689
166 58 399374693296236446369707601388
58 166 399374693296236446369707601388
166 82 -4930560873475142245265440194
82 166 -4930560873475142245265440194
166 106 -125671097541856801014720504
106 166 -125671097541856801014720504
166 130 165170041526374594094118
130 166 165170041526374594094118
166 154 108971769190825674224
154 166 108971769190825674224
165 21 80830739273783702112464785758
21 165 80830739273783702112464785758
165 45 -1244954377640472292133306764535
45 165 -1244954377640472292133306764535
165 69 31636714764499352848518373304
69 165 31636714764499352848518373304
165 93 -10538121793386893422434908584
93 165 -10538121793386893422434908584
165 117 101484006002905998420889625
117 165 101484006002905998420889625
165 141 7231007007383318422441
141 165 7231007007383318422441
165 165 -10365001709436594
164 8 5357909475295649072640
8 164 5357909475295649072640
164 32 2237639252678351992754296480772
32 164 2237639252678351992754296480772
164 56 -1833157112917319924232785440048
56 164 -1833157112917319924232785440048
164 80 122093369972666460069662650085
80 164 122093369972666460069662650085
164 104 1591846559374413396569049310
104 164 1591846559374413396569049310
164 128 3213071557184254481239282
128 164 3213071557184254481239282
164 152 1829303218330571399695
152 164 1829303218330571399695
163 19 -292213673025950270929193877424
19 163 -292213673025950270929193877424
163 43 24741958543233553672752135855508
43 163 24741958543233553672752135855508
163 67 -1259574337496001414394403479287
67 163 -1259574337496001414394403479287
163 91 40938320704670205033774993494
91 163 40938320704670205033774993494
163 115 -887508009694530960607780852
115 163 -887508009694530960607780852
163 139 -215727596933137106453827
139 163 -215727596933137106453827
163 163 -3364334643120332337
162 6 230349213702161050432
6 162 230349213702161050432
162 30 -24950233956790715044272242714839
30 162 -24950233956790715044272242714839
162 54 -11862093117473757387506640114671
54 162 -11862093117473757387506640114671
162 78 -19030975515958676138905769653
78 162 -19030975515958676138905769653
162 102 -14717361474761034781861294223
102 162 -14717361474761034781861294223
162 126 -93164987493745737192931760
126 162 -93164987493745737192931760
162 150 13587429623374070295208
150 162 13587429623374070295208
161 17 584427346051900541858387754848
17 161 584427346051900541858387754848
161 41 -334495079011827736581566733143560
41 161 -334495079011827736581566733143560
161 65 26679273228144897566545525722362
65 161 26679273228144897566545525722362
161 89 -74930518003117941953570171276
89 161 -74930518003117941953570171276
161 113 10370430329375346362613636114
113 161 10370430329375346362613636114
161 137 -2859770358180245795680394
137 161 -2859770358180245795680394
161 161 -71482408716683733911
160 4 936458187360171008
4 160 936458187360171008
160 28 158918844940490968162137018086880
28 160 158918844940490968162137018086880
160 52 241705158377730953604839223978454
52 160 241705158377730953604839223978454
160 76 -17266206273886993369713741562785
76 160 -17266206273886993369713741562785
160 100 131762672608260575805993877122
100 160 131762672608260575805993877122
160 124 571557332161885560866221763
124 160 571557332161885560866221763
160 148 50674638293896912670658
148 160 50674638293896912670658
159 15 -646645914190269616899718286064
15 159 -646645914190269616899718286064
159 39 3048909923912155708468315107692004
39 159 3048909923912155708468315107692004
159 63 -285378848496835473506515979669779
63 159 -285378848496835473506515979669779
159 87 168044593556512547880552141064
87 159 168044593556512547880552141064
159 111 -92172632072415586177020266372
111 159 -92172632072415586177020266372
159 135 51229982555078117035116165
135 159 51229982555078117035116165
159 159 -983160654312954291181
158 2 80772690709504
2 158 80772690709504
158 26 -622432184618597467632910949146256
26 158 -622432184618597467632910949146256
158 50 -1927911663851131014725077646025112
50 158 -1927911663851131014725077646025112
158 74 186363743046024484912361946164380
74 158 186363743046024484912361946164380
158 98 -713911497195142018343596203204
98 158 -713911497195142018343596203204
158 122 -4675769485173764403594415929
122 158 -4675769485173764403594415929
158 146 2057528692966838271947314
146 158 2057528692966838271947314
157 13 378025575276741680647030833280
13 157 378025575276741680647030833280
157 37 -19622548533385664621341101214345216
37 157 -19622548533385664621341101214345216
157 61 1717035065630992932692190630553564
61 157 1717035065630992932692190630553564
157 85 4751660495475880338280614728492
85 157 4751660495475880338280614728492
157 109 531155193152522655580841278594
109 157 531155193152522655580841278594
157 133 -523005805980774500623512160
133 157 -523005805980774500623512160
157 157 982250323059954152574
156 24 1552058040148899096779689447422041
24 156 1552058040148899096779689447422041
156 48 9416332248665765880024626449440799
48 156 9416332248665765880024626449440799
156 72 -843381684646854377826879375570661
72 156 -843381684646854377826879375570661
156 96 3716770164006015434521407665748
96 156 3716770164006015434521407665748
156 120 50547008339792376074001576285
120 156 50547008339792376074001576285
156 144 -20444423812065260557548290
144 156 -20444423812065260557548290
155 11 -104840474031605562531814397952
11 155 -104840474031605562531814397952
155 35 92147140269371230722301273792588438
35 155 92147140269371230722301273792588438
155 59 -3348874214725280782144167246460126
59 155 -3348874214725280782144167246460126
155 83 -33918369467132993532997192621130
83 155 -33918369467132993532997192621130
155 107 -3140259811183101146457354666663
107 155 -3140259811183101146457354666663
155 131 6499725439752367957615362239
131 155 6499725439752367957615362239
155 155 -109384446646301427968195
154 22 -2489728738474389870531643796585024
22 154 -2489728738474389870531643796585024
154 46 -24461093107582702720282297948538742
46 154 -24461093107582702720282297948538742
154 70 829584455215998772085955569161152
70 154 829584455215998772085955569161152
154 94 -40135660963369051066637268078597
94 154 -40135660963369051066637268078597
154 118 -346066981389937977924689654179
118 154 -346066981389937977924689654179
154 142 161247398708102015804364586
142 154 161247398708102015804364586
153 9 11173441727202353667125239296
9 153 11173441727202353667125239296
153 33 -322305750722823788608937585682513761
33 153 -322305750722823788608937585682513761
153 57 -42087412978082436898400846494915062
57 153 -42087412978082436898400846494915062
153 81 -342444633708740757362187049072855
81 153 -342444633708740757362187049072855
153 105 21329720839087147715641168691592
105 153 21329720839087147715641168691592
153 129 -52460161065151558652041863264
129 153 -52460161065151558652041863264
153 153 1152876949840019560690314
152 20 2542701519047855490594192289390080
20 152 2542701519047855490594192289390080
152 44 -30545484779129169255701418043302600
44 152 -30545484779129169255701418043302600
152 68 7861121584840900483136030411137280
68 152 7861121584840900483136030411137280
152 92 290296106501093471558325740203240
92 152 290296106501093471558325740203240
152 116 2091485095560360007048149379026
116 152 2091485095560360007048149379026
152 140 -1580828439897319732552695073
140 152 -1580828439897319732552695073
151 7 -307281609033021358250176512
7 151 -307281609033021358250176512
151 31 850003939004281933272303172905359816
31 151 850003939004281933272303172905359816
151 55 491378830296022138882006499214409090
55 151 491378830296022138882006499214409090
151 79 5850699477853427977239667959595615
79 151 5850699477853427977239667959595615
151 103 -121515413815644800818534369233097
103 151 -121515413815644800818534369233097
151 127 343184656857990659318294516298
127 151 343184656857990659318294516298
151 151 -8792127775346369712642255
150 18 -1596814973234605762833423533749696
18 150 -1596814973234605762833423533749696
150 42 650721338618961847035401471036702870
42 150 650721338618961847035401471036702870
150 66 -13527083608833857078397058013715591
66 150 -13527083608833857078397058013715591
150 90 -777128466822296121367538173631053
90 150 -777128466822296121367538173631053
150 114 -13036689389405276977804921543505
114 150 -13036689389405276977804921543505
150 138 8463706974207910972033500798
138 150 8463706974207910972033500798
149 5 1055543674441689231319040
5 149 1055543674441689231319040
149 29 -1700007878008563866544606345810719632
29 149 -1700007878008563866544606345810719632
149 53 -2767883107266491047791435499164129012
53 149 -2767883107266491047791435499164129012
149 77 -37370899059788318623975456935385966
77 149 -37370899059788318623975456935385966
149 101 581019119294803272114554562755118
101 149 581019119294803272114554562755118
149 125 -2206539395677894508448711738578
125 149 -2206539395677894508448711738578
149 149 136151742312096572393581847
148 16 572835648685658110145099899077632
16 148 572835648685658110145099899077632
148 40 -3492293314168042002574112783312464832
40 148 -3492293314168042002574112783312464832
148 64 -244462846553529548188896170924817106
64 148 -244462846553529548188896170924817106
148 88 -2313378562368036539509132819903552
88 148 -2313378562368036539509132819903552
148 112 69161002989784150258589428409188
112 148 69161002989784150258589428409188
148 136 -39127085144357732846501650463
136 148 -39127085144357732846501650463
147 3 -114177465695881265152
3 147 -114177465695881265152
147 27 2578446005782590308871500685460110088
27 147 2578446005782590308871500685460110088
147 51 9377698198178070903617466102653781522
51 147 9377698198178070903617466102653781522
147 75 138242310646453615111355200412781720
75 147 138242310646453615111355200412781720
147 99 -2756461744547120112309280466421689
99 147 -2756461744547120112309280466421689
147 123 11866319810149272162121177596785
123 147 11866319810149272162121177596785
147 147 -1363791751838918696716519003
146 14 -98003285524026992739138553537536
14 146 -98003285524026992739138553537536
146 38 11726727297913447958402017066242298016
38 146 11726727297913447958402017066242298016
146 62 1764160998559553181900285037358884936
62 146 1764160998559553181900285037358884936
146 86 24750997123968457828844505925884176
86 146 24750997123968457828844505925884176
146 110 -305881195663455938915847693419604
110 146 -305881195663455938915847693419604
146 134 189887851255326401205173990118
134 146 189887851255326401205173990118
145 1 2756560683008
1 145 2756560683008
145 25 -2948708488619879383113640761362830016
25 145 -2948708488619879383113640761362830016
145 49 -15485394476229762677110185034227867936
49 145 -15485394476229762677110185034227867936
145 73 -411633042453141141821991857237966450
73 145 -411633042453141141821991857237966450
145 97 13387189062894301460917509992218884
97 145 13387189062894301460917509992218884
145 121 -54096097155965639819933337846802
121 145 -54096097155965639819933337846802
145 145 12052864343640064616295200577
144 12 2531285940122550476800731697152
12 144 2531285940122550476800731697152
144 36 -27657523636582093655746473573177554201
36 144 -27657523636582093655746473573177554201
144 60 -4951587129418545223694758888884328741
60 144 -4951587129418545223694758888884328741
144 84 -95586690851035535299711614306497387
84 144 -95586690851035535299711614306497387
144 108 1281397227140784757821161621794203
108 144 1281397227140784757821161621794203
144 132 -447901468443516519496414275154
132 144 -447901468443516519496414275154
143 23 2511686212273365071531660955436187648
23 143 2511686212273365071531660955436187648
143 47 -22160412499175832117654315742408929128
47 143 -22160412499175832117654315742408929128
143 71 2116118683574124363864590469815644398
71 143 2116118683574124363864590469815644398
143 95 -61835947537854429454779380542695824
95 143 -61835947537854429454779380542695824
143 119 243264503857836151435604129332934
119 143 243264503857836151435604129332934
143 143 -96052965036115230565284434643
142 10 999500684144101649048460722176
10 142 999500684144101649048460722176
142 34 46906909191653791833608068264969192064
34 142 46906909191653791833608068264969192064
142 58 -1103829225507042032634558848161619590
58 142 -1103829225507042032634558848161619590
142 82 383737360369135294854344347257004001
82 142 383737360369135294854344347257004001
142 106 -5499341618579562155747789549291333
106 142 -5499341618579562155747789549291333
142 130 -974742087289981254573095096694
130 142 -974742087289981254573095096694
141 21 -1561041881043023722735777335138306048
21 141 -1561041881043023722735777335138306048
141 45 226309118134974217406981575629442918092
45 141 226309118134974217406981575629442918092
141 69 -14341109109516431825847968781778537515
69 141 -14341109109516431825847968781778537515
141 93 268193504592174128612096218460520162
93 141 268193504592174128612096218460520162
141 117 -1052125013962949204862257282002885
117 141 -1052125013962949204862257282002885
141 141 658649582023962873296570056366
140 8 2171952511130246225917584211968
8 140 2171952511130246225917584211968
140 32 -55876693026688672041185804532999437312
32 140 -55876693026688672041185804532999437312
140 56 65202031250809088854636739130920132344
56 140 65202031250809088854636739130920132344
140 80 -2526318502013820245573931370968680788
80 140 -2526318502013820245573931370968680788
140 104 24839726421790099591398887071647096
104 140 24839726421790099591398887071647096
140 128 15280718986627069047606453700964
128 140 15280718986627069047606453700964
139 19 685045921816223204519048669478010880
19 139 685045921816223204519048669478010880
139 43 -748701864382024339186534520210805394400
43 139 -748701864382024339186534520210805394400
139 67 70563692470933408269767366972007464900
67 139 70563692470933408269767366972007464900
139 91 -1107540080907945226725134191827220340
91 139 -1107540080907945226725134191827220340
139 115 4099458418226083712295486168064478
115 139 4099458418226083712295486168064478
139 139 -4152095826813663221406671126029
138 6 52979047744175336492172836864
6 138 52979047744175336492172836864
138 30 41646165671613558210265694146348983680
30 138 41646165671613558210265694146348983680
138 54 -292678288634760602474746368882272123994
54 138 -292678288634760602474746368882272123994
138 78 14958341108527504977110502699125861100
78 138 14958341108527504977110502699125861100
138 102 -116800428201225578912114006891907233
102 138 -116800428201225578912114006891907233
138 126 -119994909050088733758623178506990
126 138 -119994909050088733758623178506990
137 17 -202686124386169271687185496928321536
17 137 -202686124386169271687185496928321536
137 41 1497403728764048678373069040421610788800
41 137 1497403728764048678373069040421610788800
137 65 -230278873324869065754664703535288916712
65 137 -230278873324869065754664703535288916712
137 89 4221732133008586863181659521821318968
89 137 4221732133008586863181659521821318968
137 113 -15697256684383452805322518575170460
113 137 -15697256684383452805322518575170460
137 137 23477427387588545147494720478018
136 4 29306919715541642253434880
4 136 29306919715541642253434880
136 28 -7819644103457067329459563019085465600
28 136 -7819644103457067329459563019085465600
136 52 805202887521482923455394836163502042688
52 136 805202887521482923455394836163502042688
136 76 -62199377616868289646061274977551121270
76 136 -62199377616868289646061274977551121270
136 100 505568369283842907226767155469681016
100 136 505568369283842907226767155469681016
136 124 748701456540843342511703649586014
124 136 748701456540843342511703649586014
135 15 40794665046522996068624196060282880
15 135 40794665046522996068624196060282880
135 39 -1810472945079793739255852605035543344736
39 135 -1810472945079793739255852605035543344736
135 63 508759948463474151053307420648230041044
63 135 508759948463474151053307420648230041044
135 87 -14163041920409257813618363964563864740
87 135 -14163041920409257813618363964563864740
135 111 62754454880186441246489249244134924
111 135 62754454880186441246489249244134924
135 135 -117929444500430451098057506216329
134 2 30815638219332255744
2 134 30815638219332255744
134 26 -25048159342164687585569073099303671808
26 134 -25048159342164687585569073099303671808
134 50 -1713001077220024602815647650599312959584
50 134 -1713001077220024602815647650599312959584
134 74 183635653007960349109182258247360151400
74 134 183635653007960349109182258247360151400
134 98 -1757584975883094788045853897459725136
98 134 -1757584975883094788045853897459725136
134 122 -3727171367605876828607456946503796
122 134 -3727171367605876828607456946503796
133 13 -9702996601476018487238608806477824
13 133 -9702996601476018487238608806477824
133 37 709133199973626627764938103757085732096
37 133 709133199973626627764938103757085732096
133 61 -892416998436736059869475599043206554624
61 133 -892416998436736059869475599043206554624
133 85 41896431883940737316310518221368197072
85 133 41896431883940737316310518221368197072
133 109 -238250656056831737027989681023600300
109 133 -238250656056831737027989681023600300
133 133 552831293040080235190135701849208
132 24 38569296890534977044580869936909512704
24 132 38569296890534977044580869936909512704
132 48 3383549048685350099365751799478809104245
48 132 3383549048685350099365751799478809104245
132 72 -416927091391543295110001243579608784031
72 132 -416927091391543295110001243579608784031
132 96 4601862015761708206597644401868079903
96 132 4601862015761708206597644401868079903
132 120 16193712058743152890666447442567073
120 132 16193712058743152890666447442567073
131 11 2270778277073410153317276824109056
11 131 2270778277073410153317276824109056
131 35 1982130492957409622670103684381167095808
35 131 1982130492957409622670103684381167095808
131 59 2161109362388187426203828917949415988082
59 131 2161109362388187426203828917949415988082
131 83 -118022105810841060847048573268473505047
83 131 -118022105810841060847048573268473505047
131 107 792349570847793263488338147850131730
107 131 792349570847793263488338147850131730
131 131 -2430394573583169910943344237690470
130 22 -31586904700536930545255672152475435008
22 130 -31586904700536930545255672152475435008
130 46 -6852004308880098411262590602397251838336
46 130 -6852004308880098411262590602397251838336
130 70 894744815093746341821051457434628480225
70 130 894744815093746341821051457434628480225
130 94 -9300157257413030886796800181582368274
94 130 -9300157257413030886796800181582368274
130 118 -65348589953530878280456545448680376
118 130 -65348589953530878280456545448680376
129 9 191005986757317216061810074976256
9 129 191005986757317216061810074976256
129 33 -4801381477467172302652142644558736139264
33 129 -4801381477467172302652142644558736139264
129 57 -7646543175486460526671559571141728626795
57 129 -7646543175486460526671559571141728626795
129 81 341705573355728999501020750014502716452
81 129 341705573355728999501020750014502716452
129 105 -2301776779282781924272738944734903571
105 129 -2301776779282781924272738944734903571
129 129 9808605342883338528796521350457300
128 20 15840389259442975775446743382651961344
20 128 15840389259442975775446743382651961344
128 44 12883246200343726775286317378616032683008
44 128 12883246200343726775286317378616032683008
128 68 -2305295981857650459693413973049121785444
68 128 -2305295981857650459693413973049121785444
128 92 17398975963188707019912955338099456808
92 128 17398975963188707019912955338099456808
128 116 239503794867589022012906570611146134
116 128 239503794867589022012906570611146134
127 7 22113483947689601826139441987584
7 127 22113483947689601826139441987584
127 31 5668624603681773665876859902288136216576
31 127 5668624603681773665876859902288136216576
127 55 22325531348246684188237047747726567169944
55 127 22325531348246684188237047747726567169944
127 79 -967202603148632526355635196854633713193
79 127 -967202603148632526355635196854633713193
127 103 5869291379221204692969747512414758566
103 127 5869291379221204692969747512414758566
127 127 -37351552660900170810394276633728180
126 18 -3109576538187040656590540666220314624
18 126 -3109576538187040656590540666220314624
126 42 -18731410472624678558383767608465415935616
42 126 -18731410472624678558383767608465415935616
126 66 6341859036097624381595430486984309896719
66 126 6341859036097624381595430486984309896719
126 90 -37639695611710337665499596597806294908
90 126 -37639695611710337665499596597806294908
126 114 -787254586565025824827269179715561488
114 126 -787254586565025824827269179715561488
125 5 -477995422682171986968154472448
5 125 -477995422682171986968154472448
125 29 -4025375377785013361721397241564439265280
29 125 -4025375377785013361721397241564439265280
125 53 -44651062696493368376474095495453134339888
53 125 -44651062696493368376474095495453134339888
125 77 2380838654611770289652985714815975870090
77 125 2380838654611770289652985714815975870090
125 101 -12690179252662601620850776730177925580
101 125 -12690179252662601620850776730177925580
125 125 139704751324191216368076143927153550
124 16 -1922204552834391656872317225583771648
16 124 -1922204552834391656872317225583771648
124 40 16691720000207126746787005217515553880064
40 124 16691720000207126746787005217515553880064
124 64 -14727708171691618231725716371817632919264
64 124 -14727708171691618231725716371817632919264
124 88 76482892947763740054579331639676733716
88 124 76482892947763740054579331639676733716
124 112 2453022700975516274003110729239007534
112 124 2453022700975516274003110729239007534
123 3 20736284107561768805466112
3 123 20736284107561768805466112
123 27 1379120348465805292286798937945376751616
27 123 1379120348465805292286798937945376751616
123 51 61172345403891684213372476569133829014360
51 123 61172345403891684213372476569133829014360
123 75 -4881157980482469266775544408686707819297
75 123 -4881157980482469266775544408686707819297
123 99 22344648854932650981737916618388360800
99 123 22344648854932650981737916618388360800
123 123 -508939249879071398267578068334979380
122 14 1675098873591177711954250071332093952
14 122 1675098873591177711954250071332093952
122 38 -1130321126919211041417788260517498460160
38 122 -1130321126919211041417788260517498460160
122 62 28125186493010000144552484476611680003856
62 122 28125186493010000144552484476611680003856
122 86 -84960805543279793869769838815790130288
86 122 -84960805543279793869769838815790130288
122 110 -7650180299842794577805696075108543528
110 122 -7650180299842794577805696075108543528
121 1 -11618861493256192
1 121 -11618861493256192
121 25 438943641072472002677200289328021635072
25 121 438943641072472002677200289328021635072
121 49 -69155499596421997638522525374381311618624
49 121 -69155499596421997638522525374381311618624
121 73 9307408854370876947857822704708890457168
73 121 9307408854370876947857822704708890457168
121 97 -36189838029803390711887520928905706708
97 121 -36189838029803390711887520928905706708
121 121 1762868992948988395458147744156975590
120 12 -439700702181646804971686074188300288
12 120 -439700702181646804971686074188300288
120 36 -20281700882098361236253732408870210523136
36 120 -20281700882098361236253732408870210523136
120 60 -52680992571705588653268544146151558418101
60 120 -52680992571705588653268544146151558418101
120 84 -80586906835113166209022845253151879806
84 120 -80586906835113166209022845253151879806
120 108 23251932877607210433764001360246993545
108 120 23251932877607210433764001360246993545
119 23 -900220880489542022695323241311666962432
23 119 -900220880489542022695323241311666962432
119 47 114229375799902215663292876677530438991872
47 119 114229375799902215663292876677530438991872
119 71 -20766256997299337449583757881902188222012
71 119 -20766256997299337449583757881902188222012
119 95 90857263150458579186955596442531889644
95 119 90857263150458579186955596442531889644
119 119 -5811533935522985623718365057888766282
118 10 53627678680201360764432011019419648
10 118 53627678680201360764432011019419648
118 34 28904013800399719332254270052087970791424
34 118 28904013800399719332254270052087970791424
118 58 112500745972040000578209937906446720015424
58 118 112500745972040000578209937906446720015424
118 82 639877216371357843776445849000113054069
82 118 639877216371357843776445849000113054069
118 106 -65080456785780622825431250589484463956
106 118 -65080456785780622825431250589484463956
117 21 598482822882835506935136999796436369408
21 117 598482822882835506935136999796436369408
117 45 -260485093613298765339293399371893781014528
45 117 -260485093613298765339293399371893781014528
117 69 54224968505029566297087883461017329354370
69 117 54224968505029566297087883461017329354370
117 93 -337912476813318082300727429548458101726
93 117 -337912476813318082300727429548458101726
117 117 18345237456647426984650625580050652780
116 8 1727559821196232860936209774411776
8 116 1727559821196232860936209774411776
116 32 -16021117111732112470107499457728813858816
32 116 -16021117111732112470107499457728813858816
116 56 -235643330747065891707611461949082126708224
56 116 -235643330747065891707611461949082126708224
116 80 -2225013946507611447229703235975452111380
80 116 -2225013946507611447229703235975452111380
116 104 165808494115634677022936095738875904080
104 116 165808494115634677022936095738875904080
115 19 -223801964835802112885904329438811652096
19 115 -223801964835802112885904329438811652096
115 43 471611132569331846665553312840271701426176
43 115 471611132569331846665553312840271701426176
115 67 -131992023006037920037746928649948013445968
67 115 -131992023006037920037746928649948013445968
115 91 1021277912348442613403230107159652437672
91 115 1021277912348442613403230107159652437672
115 115 -55160732086170976295678017130277750442
114 6 6589025134529267155303711899648
6 114 6589025134529267155303711899648
114 30 -3546043805554142629959318375947459887104
30 114 -3546043805554142629959318375947459887104
114 54 405878978310247960422107551166995833390016
54 114 405878978310247960422107551166995833390016
114 78 6729780242765090228641291564581277919355
78 114 6729780242765090228641291564581277919355
114 102 -398209416280663012398461259103320591938
102 114 -398209416280663012398461259103320591938
113 17 42264301456454629731200832726299049984
17 113 42264301456454629731200832726299049984
113 41 -578057768721886480545934270234685152460800
41 113 -578057768721886480545934270234685152460800
113 65 263984046012075840075493857299896026891936
65 113 263984046012075840075493857299896026891936
113 89 -1979764450342407260128637423121568206608
89 113 -1979764450342407260128637423121568206608
113 113 158081528823992739221422888348675617948
112 4 537373838921210417228720111616
4 112 537373838921210417228720111616
112 28 8242983426946132065004846224388684513280
28 112 8242983426946132065004846224388684513280
112 52 -590155771355558517681513977100575177073664
52 112 -590155771355558517681513977100575177073664
112 76 -16640831652079937235263912123530594911072
76 112 -16640831652079937235263912123530594911072
112 100 941487107638048988579268836873722730780
100 112 941487107638048988579268836873722730780
111 15 -4246207977075158196798464231118733312
15 111 -4246207977075158196798464231118733312
111 39 469929463300634438069386241041319117291520
39 111 469929463300634438069386241041319117291520
111 63 -433799748040236530376703067688138634834960
63 111 -433799748040236530376703067688138634834960
111 87 2081961847066894097465049208809493932104
87 111 2081961847066894097465049208809493932104
111 111 -436719937706122842342746684304090235666
110 2 295478723204709085085696
2 110 295478723204709085085696
110 26 3479529398850284513755211787554896478208
26 110 3479529398850284513755211787554896478208
110 50 916218690655996254024756692413059563750400
50 110 916218690655996254024756692413059563750400
110 74 33022060051965971508371957708862754406992
74 110 33022060051965971508371957708862754406992
110 98 -2229943316366876855384268311483945375152
98 110 -2229943316366876855384268311483945375152
109 13 6513455677871701873575766457432670208
13 109 6513455677871701873575766457432670208
109 37 -277363908093427628620459602059676142534656
37 109 -277363908093427628620459602059676142534656
109 61 664520223913578798386680252220870023104384
61 109 664520223913578798386680252220870023104384
109 85 -1154934599498819468150260432194129277952
85 109 -1154934599498819468150260432194129277952
109 109 1169245418437442384287397964402708845736
108 24 -14149596693764159617347165889894102859776
24 108 -14149596693764159617347165889894102859776
108 48 -1707733366339761336770565093702077579390976
48 108 -1707733366339761336770565093702077579390976
108 72 -62563302388489496420792041217655440847395
72 108 -62563302388489496420792041217655440847395
108 96 5236756114194491837443715299743037857366
96 108 5236756114194491837443715299743037857366
107 11 -3980682356848564079646693736585363456
11 107 -3980682356848564079646693736585363456
107 35 215814264561672462963568466847578954137600
35 107 215814264561672462963568466847578954137600
107 59 -1191348333359472249325801306202737978517504
59 107 -1191348333359472249325801306202737978517504
107 83 5400567324661141017673032576354086677718
83 107 5400567324661141017673032576354086677718
107 107 -3034898025758129131880911863179279097924
106 22 12506659086606602898653749763920699064320
22 106 12506659086606602898653749763920699064320
106 46 3008686538882422359804842119124748720537600
46 106 3008686538882422359804842119124748720537600
106 70 132088240207863886033487830835451017627968
70 106 132088240207863886033487830835451017627968
106 94 -11984123177994547951157029805591644969380
94 106 -11984123177994547951157029805591644969380
105 9 557875997024151616022746196309180416
9 105 557875997024151616022746196309180416
105 33 -289915138256831491838008781256066009661440
33 105 -289915138256831491838008781256066009661440
105 57 2499152886007024264589078737247594403480064
57 105 2499152886007024264589078737247594403480064
105 81 -28941226328594227441527131354651450182689
81 105 -28941226328594227441527131354651450182689
105 105 7689558448767986779000371788620607548476
104 20 -4634861954520915957668084805872344104960
20 104 -4634861954520915957668084805872344104960
104 44 -4076298411499080230244271716928790283550720
44 104 -4076298411499080230244271716928790283550720
104 68 -266253306433278995764222593976489518577152
68 104 -266253306433278995764222593976489518577152
104 92 26488538931884316318262366404783654452304
92 104 26488538931884316318262366404783654452304
103 7 -8107182766410275049237948357672960
7 103 -8107182766410275049237948357672960
103 31 313489822820132767915629509851834197475328
31 103 313489822820132767915629509851834197475328
103 55 -4875957564644905553209314743943118581944320
55 103 -4875957564644905553209314743943118581944320
103 79 84905010419547567920874408857560826365128
79 103 84905010419547567920874408857560826365128
103 103 -19012036458821136087905493524452476033380
102 18 -20434354363004810026013958471336067072
18 102 -20434354363004810026013958471336067072
102 42 3921239371553834264719655619559649732198400
42 102 3921239371553834264719655619559649732198400
102 66 430705935536965774633042660133201786838720
66 102 430705935536965774633042660133201786838720
102 90 -56582067234950987142237755679558979179164
90 102 -56582067234950987142237755679558979179164
101 5 147772652984460325595470998011904
5 101 147772652984460325595470998011904
101 29 -196316897782068355029185986252829811015680
29 101 -196316897782068355029185986252829811015680
101 53 7923323724993597655905363532633159378477056
53 101 7923323724993597655905363532633159378477056
101 77 -169810020839095135841748817715121652730256
77 101 -169810020839095135841748817715121652730256
101 101 45034896365880758971838133841478784294824
100 16 524387031091030859915290963867766620160
16 100 524387031091030859915290963867766620160
100 40 -2649036949567643577822930661244855425957888
40 100 -2649036949567643577822930661244855425957888
100 64 -569603570305948530490804028409715740513280
64 100 -569603570305948530490804028409715740513280
100 88 117370158655489303746859669159646187239808
88 100 117370158655489303746859669159646187239808
99 3 -69945212534453177232037773312
3 99 -69945212534453177232037773312
99 27 45962140702179398194152018837583104573440
27 99 45962140702179398194152018837583104573440
99 51 -11197008227720527855649447936475225012699136
51 99 -11197008227720527855649447936475225012699136
99 75 231529810628753819532217050837211601461512
75 99 231529810628753819532217050837211601461512
99 99 -101222489858382643962646294832747599630980
98 14 -84706390810051719249452305889095581696
14 98 -84706390810051719249452305889095581696
98 38 1609511145545705643748755913077440909410304
38 98 1609511145545705643748755913077440909410304
98 62 655234269564270432027080549376115767366656
62 98 655234269564270432027080549376115767366656
98 86 -238226628249575175372071188221226492502592
86 98 -238226628249575175372071188221226492502592
97 1 10103570677308063744
1 97 10103570677308063744
97 25 18209785949372644263350304895945733570560
25 97 18209785949372644263350304895945733570560
97 49 15469393452838559527344350595445359253520384
49 97 15469393452838559527344350595445359253520384
97 73 -172818154389156512565537042443330773686976
73 97 -172818154389156512565537042443330773686976
97 97 220580816415041780274862925820086498104384
96 12 -28582292705991699007899931323951742976
12 96 -28582292705991699007899931323951742976
96 36 -1603678559133046999398886490928796865134592
36 96 -1603678559133046999398886490928796865134592
96 60 -330083970396623528792157574156910099685376
60 96 -330083970396623528792157574156910099685376
96 84 477945912601234919196393765874493053584355
84 96 477945912601234919196393765874493053584355
95 23 -10204113214882031004862328564824529698816
23 95 -10204113214882031004862328564824529698816
95 47 -21965796479567521286093808977244689306484736
47 95 -21965796479567521286093808977244689306484736
95 71 147831628735848891923233335320848547577856
71 95 147831628735848891923233335320848547577856
95 95 -479231686216176793839014568840920231072944
94 10 582849288470289026141561004700467200
10 94 582849288470289026141561004700467200
94 34 1661011299856790376725661225327355246936064
34 94 1661011299856790376725661225327355246936064
94 58 -1391997838021096142762309039157905494638592
58 94 -1391997838021096142762309039157905494638592
94 82 -952906512998300701488284752884905970010368
82 94 -952906512998300701488284752884905970010368
93 21 -1443492067189667441921211120585317285888
21 93 -1443492067189667441921211120585317285888
93 45 29702051689470115842345379225013038067220480
45 93 29702051689470115842345379225013038067220480
93 69 -1065964465698249777902105194910460893237248
69 93 -1065964465698249777902105194910460893237248
93 93 1034969971340892795173875673058281556697768
92 8 766102770205859599465852030387486720
8 92 766102770205859599465852030387486720
92 32 -620992829289888328307796084675375857139712
32 92 -620992829289888328307796084675375857139712
92 56 5012382872224644468216911078337854420811776
56 92 5012382872224644468216911078337854420811776
92 80 1877922538487828859949754706554338995836928
80 92 1877922538487828859949754706554338995836928
91 19 2574592994365846293771281888572308717568
19 91 2574592994365846293771281888572308717568
91 43 -35414455944812895829180574518026490865516544
43 91 -35414455944812895829180574518026490865516544
91 67 4054557594301250068743449442552971687133184
67 91 4054557594301250068743449442552971687133184
91 91 -2168470912268341279448051580544685859922496
90 6 10655533226702943697932928661061632
6 90 10655533226702943697932928661061632
90 30 -834435337448095721225305812944235551260672
30 90 -834435337448095721225305812944235551260672
90 54 -9867020366436194756984726250535333372362752
54 90 -9867020366436194756984726250535333372362752
90 78 -3621252303036863177103216363491774667466496
78 90 -3621252303036863177103216363491774667466496
89 17 -5626519954550982562741701519338968711168
17 89 -5626519954550982562741701519338968711168
89 41 37162878332100146369873097930541420647546880
41 89 37162878332100146369873097930541420647546880
89 65 -8366308657958441888999261037851872769409024
65 89 -8366308657958441888999261037851872769409024
89 89 4336941824536682558896103161089371719844992
88 4 -718461998933957295431300939776
4 88 -718461998933957295431300939776
88 28 1246812283578329448582115210687908193239040
28 88 1246812283578329448582115210687908193239040
88 52 18244148619576561652112247056602976021905408
52 88 18244148619576561652112247056602976021905408
88 76 6781065966562384977475165799624615539789824
76 88 6781065966562384977475165799624615539789824
87 15 5793393723374281769522616967299797614592
15 87 5793393723374281769522616967299797614592
87 39 -35996322850719178122695347759162673841831936
39 87 -35996322850719178122695347759162673841831936
87 63 11072716040218806920830236411443875077357568
63 87 11072716040218806920830236411443875077357568
87 87 -8279759770727142361391005384466252453582144
86 2 292609539394118827657658368
2 86 292609539394118827657658368
86 26 -689525404964055713239043932369435490254848
26 86 -689525404964055713239043932369435490254848
86 50 -39007686785396505100615366188811653581111296
50 86 -39007686785396505100615366188811653581111296
86 74 -12271742134266417101984798520925844448645120
74 86 -12271742134266417101984798520925844448645120
85 13 -2363512910575634720944639762210662383616
13 85 -2363512910575634720944639762210662383616
85 37 33197921549032062064627068790752161969471488
37 85 33197921549032062064627068790752161969471488
85 61 -11908843195656906891192643936915539839418368
61 85 -11908843195656906891192643936915539839418368
85 85 15335413958917657402848466202909447394334208
84 24 255414500818470282216650805380341750038528
24 84 255414500818470282216650805380341750038528
84 48 77206433040629583111061305221331580037890048
48 84 77206433040629583111061305221331580037890048
84 72 21449753043740638566169457867747483063771136
72 84 21449753043740638566169457867747483063771136
83 11 389789145439788319021696152476502196224
11 83 389789145439788319021696152476502196224
83 35 -28748769605249955939702863785166660626808832
35 83 -28748769605249955939702863785166660626808832
83 59 18973897800969560109554084572774115158523904
59 83 18973897800969560109554084572774115158523904
83 83 -28234344501125347875182454504971071757361152
82 22 -196238498092257964727115378162620826648576
22 82 -196238498092257964727115378162620826648576
82 46 -117949531114981888030078034968494639629205504
46 82 -117949531114981888030078034968494639629205504
82 70 -36535391295354910398615852015352961026490368
70 82 -36535391295354910398615852015352961026490368
81 9 -25734157482545027544850368786906218496
9 81 -25734157482545027544850368786906218496
81 33 23677826091009974426704413281145560800165888
33 81 23677826091009974426704413281145560800165888
81 57 -46860125035419718871653635312086387628441600
57 81 -46860125035419718871653635312086387628441600
81 81 51825914807491913708874902954366771011061760
80 20 144874590639624753288415371011899546140672
20 80 144874590639624753288415371011899546140672
80 44 135712475747884764233782936784326717704503296
44 80 135712475747884764233782936784326717704503296
80 68 61701299086167178515530962493356292884398080
68 80 61701299086167178515530962493356292884398080
79 7 2158917262410412200350858448518250496
7 79 2158917262410412200350858448518250496
79 31 -19963664925775221091886404901126491732967424
31 79 -19963664925775221091886404901126491732967424
79 55 106452939200319521257481792484984387943792640
55 79 106452939200319521257481792484984387943792640
79 79 -92231467757323794374324498107348550235799552
78 18 -64727640286729189174489858760723180552192
18 78 -64727640286729189174489858760723180552192
78 42 -125413504820764992136549229456065043200212992
42 78 -125413504820764992136549229456065043200212992
78 66 -104388209221478124722182228306380873252995072
66 78 -104388209221478124722182228306380873252995072
77 5 -1086771106612561178413040618438656
5 77 -1086771106612561178413040618438656
77 29 16700951305539231765377252688260486905462784
29 77 16700951305539231765377252688260486905462784
77 53 -196940738472264125828334270962490172099264512
53 77 -196940738472264125828334270962490172099264512
77 77 155746602670662746832121802952314683665448960
76 16 28004060826678180894508422726702554152960
16 76 28004060826678180894508422726702554152960
76 40 106685812623175579521641182863521486173372416
40 76 106685812623175579521641182863521486173372416
76 64 173862807525795747094002239525487539996590080
64 76 173862807525795747094002239525487539996590080
75 3 14588381583413651885256974794752
3 75 14588381583413651885256974794752
75 27 -11726138039896189175372790681805664022429696
27 75 -11726138039896189175372790681805664022429696
75 51 308939249678492459395355073499436319598706688
51 75 308939249678492459395355073499436319598706688
75 75 -251971451249229390774284182769520068148461568
74 14 -8843317313449180388940254073006279622656
14 74 -8843317313449180388940254073006279622656
74 38 -94477969605323701731744058153987420844982272
38 74 -94477969605323701731744058153987420844982272
74 62 -272967220218426809439197596072477045108506624
62 74 -272967220218426809439197596072477045108506624
73 1 -3164922652533125545984
1 73 -3164922652533125545984
73 25 6905504353266971899849955610619170024062976
25 73 6905504353266971899849955610619170024062976
73 49 -425389436723863382556440402800691061205237760
49 73 -425389436723863382556440402800691061205237760
73 73 397790154032169501573894879730634469923094528
72 12 1224775914461134200537356697383506804736
12 72 1224775914461134200537356697383506804736
72 36 88056946940076065961874710117382763638161408
36 72 88056946940076065961874710117382763638161408
72 60 390102700305117732604712343845157624055070720
60 72 390102700305117732604712343845157624055070720
71 23 -4672090488198446992627272039891056357015552
23 71 -4672090488198446992627272039891056357015552
71 47 511639388007318313955043958310917546337894400
47 71 511639388007318313955043958310917546337894400
71 71 -613021341941729792773271303960767415313235968
70 10 104075660541663849447827616258475425792
10 70 104075660541663849447827616258475425792
70 34 -84079982837498897918754530518670949457330176
34 70 -84079982837498897918754530518670949457330176
70 58 -513394909317629322701899876329793032858632192
58 70 -513394909317629322701899876329793032858632192
69 21 3243036183242880174907160254848602686357504
21 69 3243036183242880174907160254848602686357504
69 45 -539056662777416727072593600638304436782891008
45 69 -539056662777416727072593600638304436782891008
69 69 915868090800270931064775894481691445907423232
68 8 18396223253878877766994783970982363136
8 68 18396223253878877766994783970982363136
68 32 76043326975918373749706633755851716074405888
32 68 76043326975918373749706633755851716074405888
68 56 658478267314714355847445974021765520376725504
56 68 658478267314714355847445974021765520376725504
67 19 -1459508317720203124280463333565219725115392
19 67 -1459508317720203124280463333565219725115392
67 43 539353632770754589779357376101677146602209280
43 67 539353632770754589779357376101677146602209280
67 67 -1326083977345176084174741812584807078123536384
66 6 1418406177074803299561554465871888384
6 66 1418406177074803299561554465871888384
66 30 -57335966285420414473721708438732611801579520
30 66 -57335966285420414473721708438732611801579520
66 54 -845308175730696723757136493966770793309274112
54 66 -845308175730696723757136493966770793309274112
65 17 499622592718577523211617310143285322317824
17 65 499622592718577523211617310143285322317824
65 41 -563425274802973436110956357768233364137967616
41 65 -563425274802973436110956357768233364137967616
65 65 1850887033855642164486939919692739918319058944
64 4 -1585807281334127733080188705046528
4 64 -1585807281334127733080188705046528
64 28 36793794910221029475361304904660493654818816
28 64 36793794910221029475361304904660493654818816
64 52 1028660966224187499914057810678387378606833664
52 64 1028660966224187499914057810678387378606833664
63 15 -228521665809376316846216882474557898752000
15 63 -228521665809376316846216882474557898752000
63 39 578411843363124504395852699000350777939066880
39 63 578411843363124504395852699000350777939066880
63 63 -2462256091051716146925697839133080741048483840
62 2 46780765852208356166702465024
2 62 46780765852208356166702465024
62 26 -24352298881764953926122078464382643896057856
26 62 -24352298881764953926122078464382643896057856
62 50 -1122680226760517127762870314604879445107933184
50 62 -1122680226760517127762870314604879445107933184
61 13 71742747636845267461548830411886713372672
13 61 71742747636845267461548830411886713372672
61 37 -534944301233700917116120670969602982771949568
37 61 -534944301233700917116120670969602982771949568
61 61 3120043524083174488768567479777674748372189184
60 24 14227717995236393659136058720028208356392960
24 60 14227717995236393659136058720028208356392960
60 48 1112823419090282760469444086565254669143113728
48 60 1112823419090282760469444086565254669143113728
59 11 -9081246748298936922501439674272630964224
11 59 -9081246748298936922501439674272630964224
59 35 475834302722275398300321822621969711487778816
35 59 475834302722275398300321822621969711487778816
59 59 -3785732335924179877388129748945192624660152320
58 22 -5264448427774725322348157013400343801757696
22 58 -5264448427774725322348157013400343801757696
58 46 -1024517064349109426961486387645556823030759424
46 58 -1024517064349109426961486387645556823030759424
57 9 1063147107493364408517308366358315008000
9 57 1063147107493364408517308366358315008000
57 33 -417509011525370288656495966348897892297605120
33 57 -417509011525370288656495966348897892297605120
57 57 4371754867762767220816477721251179219868712960
56 20 2574065388145142620870452081504774099304448
20 56 2574065388145142620870452081504774099304448
56 44 823205957199484785752855980087238161663524864
44 56 823205957199484785752855980087238161663524864
55 7 -3610653790968872062745502389423308800
7 55 -3610653790968872062745502389423308800
55 31 310542812504790160635501366821644256709443584
31 55 310542812504790160635501366821644256709443584
55 55 -4800218704265711743610775492839308028962406400
54 18 -1678311211843240888245641288077943861411840
18 54 -1678311211843240888245641288077943861411840
54 42 -527743191097984550288729814707294369176616960
42 54 -527743191097984550288729814707294369176616960
53 5 423326995439727925281226369580138496
5 53 423326995439727925281226369580138496
53 29 -193195786593114783487826670648826133244542976
29 53 -193195786593114783487826670648826133244542976
53 53 5133558308268416369646631520238064116915240960
52 16 231526205882395964986125543379664688381952
16 52 231526205882395964986125543379664688381952
52 40 268821251305183325830363487126235314886017024
40 52 268821251305183325830363487126235314886017024
51 3 -499993030881754373144792937791488
3 51 -499993030881754373144792937791488
51 27 118129780912406381038899375029241152349929472
27 51 118129780912406381038899375029241152349929472
51 51 -5392337813383015081533160120163821842490982400
50 14 47607023198140798229113722195678741921792
14 50 47607023198140798229113722195678741921792
50 38 -68591376579710922864140187759389699595042816
38 50 -68591376579710922864140187759389699595042816
49 1 435859668973609285582848
1 49 435859668973609285582848
49 25 -58544322136958595165619581015709892202201088
25 49 -58544322136958595165619581015709892202201088
49 49 5344494187476777115398602756992317041084989440
48 12 -6642251104460902065161221142540537823232
12 48 -6642251104460902065161221142540537823232
48 36 -126073055398807435639052415864273329427841024
36 48 -126073055398807435639052415864273329427841024
47 23 18843270023420975754174509284711784649850880
23 47 18843270023420975754174509284711784649850880
47 47 -4862755479168075832028408179188439211011211264
46 10 6319060691120434531580914325907434373120
10 46 6319060691120434531580914325907434373120
46 34 213794714038918037892391835676609657157189632
34 46 213794714038918037892391835676609657157189632
45 21 -7383018571047898190462007316630811317370880
21 45 -7383018571047898190462007316630811317370880
45 45 4149273455532407565424101608050276402596937728
44 8 -30498786612896624604429906812172500992
8 44 -30498786612896624604429906812172500992
44 32 -176212726076223155339714443868748652790939648
32 44 -176212726076223155339714443868748652790939648
43 19 1648545372091615339880817788918968480694272
19 43 1648545372091615339880817788918968480694272
43 43 -3304154163573801540410059023507416576797179904
42 6 -1351569340765697905454596095974834176
6 42 -1351569340765697905454596095974834176
42 30 152468590300863264212861663235486105030623232
30 42 152468590300863264212861663235486105030623232
41 17 497433971282743720099150917281405997154304
17 41 497433971282743720099150917281405997154304
41 41 2337422152305575647235232183421770052086530048
40 4 99378830663322391007422891750850560
4 40 99378830663322391007422891750850560
40 28 -113910693965732026871876074563830097356259328
28 40 -113910693965732026871876074563830097356259328
39 15 -66694267830200234527815692230139291107328
15 39 -66694267830200234527815692230139291107328
39 39 -1483147006085426068390915657467086297542688768
38 2 1163873379655002492979931774976
2 38 1163873379655002492979931774976
38 26 46476398383121282335119450811460050153897984
26 38 46476398383121282335119450811460050153897984
37 13 35835216755339012396282806537132626149376
13 37 35835216755339012396282806537132626149376
37 37 865168195088959666473709054941272600116985856
36 24 -23570815862226330314574648743428413760471040
24 36 -23570815862226330314574648743428413760471040
35 11 17370904339940648026297728349711072493568
11 35 17370904339940648026297728349711072493568
35 35 -434250202934116262848513862564370331295809536
34 22 9488676305868345871913666157010196528889856
22 34 9488676305868345871913666157010196528889856
33 9 958807529283866785882948802283109875712
9 33 958807529283866785882948802283109875712
33 33 196543104812566726256164900099452649777135616
32 20 934782083635317977372109099832910259683328
20 32 934782083635317977372109099832910259683328
31 7 10744959155184995706620582616971083776
7 31 10744959155184995706620582616971083776
31 31 -78486135800653045368240158083674056830222336
30 18 1002575347527684944506259509010585733824512
18 30 1002575347527684944506259509010585733824512
29 5 -1783628988435518959180177505261715456
5 29 -1783628988435518959180177505261715456
29 29 20273266366895973686228216522492922833141760
28 16 539915012828116447627960208265471506513920
16 28 539915012828116447627960208265471506513920
27 3 1235135433424769297061099673223168
3 27 1235135433424769297061099673223168
27 27 -10633413021088862416088125194384172187123712
26 14 128651157601440550841313935607803439742976
14 26 128651157601440550841313935607803439742976
25 1 -27049715213877327784050688
1 25 -27049715213877327784050688
25 25 4035573785857319009253773014792350717706240
24 12 23828790331625584683519576069430306668544
12 24 23828790331625584683519576069430306668544
23 23 -144954562606444014333519077821974338076672
22 10 2458937413979659015409218338397416849408
10 22 2458937413979659015409218338397416849408
21 21 580355615150460630048588864232147619151872
20 8 142422232858152841005491785808000057344
8 20 142422232858152841005491785808000057344
19 19 168783065519228116909919204999739398422528
18 6 2659709013438962600423379143982317568
6 18 2659709013438962600423379143982317568
17 17 31775242311657333681221531490905808175104
16 4 8308515002289682856649836256559104
4 16 8308515002289682856649836256559104
15 15 391578693340239589891237600711139131392
14 2 1874869860904265343368121286656
2 14 1874869860904265343368121286656
13 13 -173303455053861644673534989512894054400
11 11 -21716446104200643794252344537655541760
9 9 1215806493592750408607063667340476416
7 7 -20424037652256943790271329023819776
5 5 149594879427940329502424835293184
3 3 -498580350822186905715622281216
1 1 618970019642690137449562112
