# Weber-f modular polynomial Phi_211^f(X,Y); r=q^(1/48).
212 0 1
0 212 1
211 19 -25138962
19 211 -25138962
211 43 456343626
43 211 456343626
211 67 -503112409
67 211 -503112409
211 91 135229056
91 211 135229056
211 115 -14104084
115 211 -14104084
211 139 694401
139 211 694401
211 163 -17302
163 211 -17302
211 187 211
187 211 211
211 211 -1
210 14 16074465722
14 210 16074465722
210 38 128267239603023
38 210 128267239603023
210 62 2633641474615818
62 210 2633641474615818
210 86 3745100733313817
86 210 3745100733313817
210 110 834726647936705
110 210 834726647936705
210 134 39189677117588
134 210 39189677117588
210 158 390560376706
158 210 390560376706
210 182 571514600
182 210 571514600
210 206 13293
206 210 13293
209 9 -55942632771
9 209 -55942632771
209 33 253727493247703334
33 209 253727493247703334
209 57 -67619879386001216421
57 209 -67619879386001216421
209 81 260032088382439769299
81 209 260032088382439769299
209 105 -60415692852898322544
105 209 -60415692852898322544
209 129 1829887917842761298
129 209 1829887917842761298
209 153 -12427538599156112
153 209 -12427538599156112
209 177 8582388848948
177 209 8582388848948
209 201 -64877858
201 209 -64877858
208 4 750117660
4 208 750117660
208 28 28398611920666710991
28 208 28398611920666710991
208 52 89292655155445526895590
52 208 89292655155445526895590
208 76 551012916403556517191068
76 208 551012916403556517191068
208 100 18720764264083881694278
100 208 18720764264083881694278
208 124 -645404813484797800885
124 208 -645404813484797800885
208 148 5372146382635926167
148 208 5372146382635926167
208 172 12101425641357412
172 208 12101425641357412
208 196 142938785211
196 208 142938785211
207 23 309446381794764260936
23 207 309446381794764260936
207 47 -16760836416067965580586617
47 207 -16760836416067965580586617
207 71 134697402335951185362205525
71 207 134697402335951185362205525
207 95 -187530816048851852042143
95 207 -187530816048851852042143
207 119 89657060416036129906070
119 207 89657060416036129906070
207 143 -656614964394472300247
143 207 -656614964394472300247
207 167 181047558246336792
167 207 181047558246336792
207 191 -142392134070722
191 207 -142392134070722
206 18 371837001340131772409
18 206 371837001340131772409
206 42 726974864027114526141238898
42 206 726974864027114526141238898
206 66 8270924263207952260216877653
66 206 8270924263207952260216877653
206 90 333080560720280111971496814
90 206 333080560720280111971496814
206 114 4200010210405685824675180
114 206 4200010210405685824675180
206 138 85364603814484051000124
138 206 85364603814484051000124
206 162 -245414098974052440190
162 206 -245414098974052440190
206 186 58952925483487114
186 206 58952925483487114
205 13 36917831705259266684
13 205 36917831705259266684
205 37 -9203035527796105403194859147
37 205 -9203035527796105403194859147
205 61 226748193887787219844090434470
61 205 226748193887787219844090434470
205 85 34877645333366796479629026702
85 205 34877645333366796479629026702
205 109 349226194350890484554199858
109 205 349226194350890484554199858
205 133 746748829209151226143751
133 205 746748829209151226143751
205 157 16567371170667764424118
157 205 16567371170667764424118
205 181 -9715225122933397627
181 205 -9715225122933397627
205 205 4892963822
204 8 134080292493015306
8 204 134080292493015306
204 32 36944764401063785996429009392
32 204 36944764401063785996429009392
204 56 3378019029818833478569250491663
56 204 3378019029818833478569250491663
204 80 1362304718635384267100852518511
80 204 1362304718635384267100852518511
204 104 31118211689194639688298303708
104 204 31118211689194639688298303708
204 128 -112468618806712530847548132
128 204 -112468618806712530847548132
204 152 -38119381706687628258179
152 204 -38119381706687628258179
204 176 713260263429539284898
176 204 713260263429539284898
204 200 43802051723145
200 204 43802051723145
203 3 447541062168
3 203 447541062168
203 27 -45428939060053754173013040127
27 203 -45428939060053754173013040127
203 51 29947823392118836792503109372652
51 203 29947823392118836792503109372652
203 75 27186170079054572556246029489774
75 203 27186170079054572556246029489774
203 99 1367660206769795864602137141221
99 203 1367660206769795864602137141221
203 123 -4416393617227733269025732802
123 203 -4416393617227733269025732802
203 147 -18648057305456079238219480
147 203 -18648057305456079238219480
203 171 -18689200924034458252832
171 203 -18689200924034458252832
203 195 38446472477042125
195 203 38446472477042125
202 22 14494268367172397495027928506
22 202 14494268367172397495027928506
202 46 186020408218473996234481238146890
46 202 186020408218473996234481238146890
202 70 316304367809931972937436281824818
70 202 316304367809931972937436281824818
202 94 37600334109190546765888826815208
94 202 37600334109190546765888826815208
202 118 -131006803091731610108814710644
118 202 -131006803091731610108814710644
202 142 3198456644299490009371221
142 202 3198456644299490009371221
202 166 -347875110487093613493356
166 202 -347875110487093613493356
202 190 -2408851536995343123
190 202 -2408851536995343123
201 17 -832272951526233354074950814
17 201 -832272951526233354074950814
201 41 685069729764787546007792318941158
41 201 685069729764787546007792318941158
201 65 2163712177259617510828862039544249
65 201 2163712177259617510828862039544249
201 89 705612664191355953683593440840748
89 201 705612664191355953683593440840748
201 113 -2514223572961680483867397067267
113 201 -2514223572961680483867397067267
201 137 12551269687299247295317297718
137 201 12551269687299247295317297718
201 161 20507024150559131803770377
161 201 20507024150559131803770377
201 185 -347516977598642649398
185 201 -347516977598642649398
200 12 4098109076192190410281519
12 200 4098109076192190410281519
200 36 1645584441771847769727449319425757
36 200 1645584441771847769727449319425757
200 60 7947674586906785338815213901556664
60 200 7947674586906785338815213901556664
200 84 9264577980264991096290674525163303
84 200 9264577980264991096290674525163303
200 108 -17104487975667591819827356495323
108 200 -17104487975667591819827356495323
200 132 258216964286291870218893274394
132 200 258216964286291870218893274394
200 156 174608795466061171428978550
156 200 174608795466061171428978550
200 180 31676968514553428956938
180 200 31676968514553428956938
199 7 -295342653642074133472
7 199 -295342653642074133472
199 31 2256070954631133932517935200337004
31 199 2256070954631133932517935200337004
199 55 2251724466394412004635604060961026
55 199 2251724466394412004635604060961026
199 79 87882301459443017838361596541061417
79 199 87882301459443017838361596541061417
199 103 317623286377398534688803637274734
103 199 317623286377398534688803637274734
199 127 1403906551073311407453451499818
127 199 1403906551073311407453451499818
199 151 -10073816538020512833664161653
151 199 -10073816538020512833664161653
199 175 18952765791268576210755
175 199 18952765791268576210755
199 199 -220813517956466131
198 2 1028765806208
2 198 1028765806208
198 26 1393046251244865194041928700476052
26 198 1393046251244865194041928700476052
198 50 -115695549495902925093052176655970849
50 198 -115695549495902925093052176655970849
198 74 617687812303907067116302347115641415
74 198 617687812303907067116302347115641415
198 98 10083150718304033275544150314607777
98 198 10083150718304033275544150314607777
198 122 -33783645216453281588133792555854
122 198 -33783645216453281588133792555854
198 146 -160665433743135411274707305496
146 198 -160665433743135411274707305496
198 170 -42396124404114077908803801
170 198 -42396124404114077908803801
198 194 37976203647317884204
194 198 37976203647317884204
197 21 257669991134448497625753034135150
21 197 257669991134448497625753034135150
197 45 -559288972092022644488035852753993827
45 197 -559288972092022644488035852753993827
197 69 3297361667883241411909069342017403794
69 197 3297361667883241411909069342017403794
197 93 138129654707995343738148764846918765
93 197 138129654707995343738148764846918765
197 117 -767246182627645507365413648347240
117 197 -767246182627645507365413648347240
197 141 201633312913795064142912569270
141 197 201633312913795064142912569270
197 165 -175123165671352880242736814
165 197 -175123165671352880242736814
197 189 -5631402557308198812854
189 197 -5631402557308198812854
196 16 6454938999848225939865154110391
16 196 6454938999848225939865154110391
196 40 -1246202063309155366655774336906078707
40 196 -1246202063309155366655774336906078707
196 64 13487848613925514854873749679203380392
64 196 13487848613925514854873749679203380392
196 88 1209773386536768427260631717907675227
88 196 1209773386536768427260631717907675227
196 112 -6357485776256694102780401947356997
112 196 -6357485776256694102780401947356997
196 136 18825053397236931419890708292943
136 196 18825053397236931419890708292943
196 160 24477257842805865267664691144
160 196 24477257842805865267664691144
196 184 158112288974683415497795
184 196 158112288974683415497795
195 11 6658183612209866832599606512
11 195 6658183612209866832599606512
195 35 -1437749236100146988381627179506470918
35 195 -1437749236100146988381627179506470918
195 59 42344722359909835222840588990656557356
59 195 42344722359909835222840588990656557356
195 83 7405945147195225157063719269958036363
83 195 7405945147195225157063719269958036363
195 107 -4015626380949871164979599094605137
107 195 -4015626380949871164979599094605137
195 131 45957435811147506802646225375402
131 195 45957435811147506802646225375402
195 155 519740849290182429405690438686
155 195 519740849290182429405690438686
195 179 25654539061573228843408200
179 195 25654539061573228843408200
194 6 23797568085768433434176
6 194 23797568085768433434176
194 30 -757283717143463028687752023232296377
30 194 -757283717143463028687752023232296377
194 54 100346461162063319059958492559477329550
54 194 100346461162063319059958492559477329550
194 78 32696795285632231360573174993397200001
78 194 32696795285632231360573174993397200001
194 102 450566394039251972712629536808098505
102 194 450566394039251972712629536808098505
194 126 -2188585662376254277360774412787851
126 194 -2188585662376254277360774412787851
194 150 4400091330379989581275500574070
150 194 4400091330379989581275500574070
194 174 206507227498406517190728124
174 194 206507227498406517190728124
193 1 12871148544
1 193 12871148544
193 25 -105661450161092340420628421342806385
25 193 -105661450161092340420628421342806385
193 49 177946643801743872256146554169071816458
49 193 177946643801743872256146554169071816458
193 73 102124540748455781498637766045444767427
73 193 102124540748455781498637766045444767427
193 97 5339722489881557380820937624258044777
97 193 5339722489881557380820937624258044777
193 121 -25781249110834410813844071703912777
121 193 -25781249110834410813844071703912777
193 145 9818752597866909087275449164318
145 193 9818752597866909087275449164318
193 169 -21931103353034181160531556531
169 193 -21931103353034181160531556531
193 193 3480643911114635948314
192 20 27276314297663485734688886479609190
20 192 27276314297663485734688886479609190
192 44 235809859251272749171940256926916988242
44 192 235809859251272749171940256926916988242
192 68 198195278381008907279097294846725847869
68 192 198195278381008907279097294846725847869
192 92 35889127822022532321365810522299852030
92 192 35889127822022532321365810522299852030
192 116 -82519986685445406180233350961268887
116 192 -82519986685445406180233350961268887
192 140 -67465365911714313142701860833744
140 192 -67465365911714313142701860833744
192 164 -848586503885795458067756339551
164 192 -848586503885795458067756339551
192 188 -973269189613700577217926
188 192 -973269189613700577217926
191 15 -2061359929075587981006024273081200
15 191 -2061359929075587981006024273081200
191 39 226769892940687849638771205385369548764
39 191 226769892940687849638771205385369548764
191 63 55525574739991871910366393497973945196
63 191 55525574739991871910366393497973945196
191 87 167952364189944274687546873069280776177
87 191 167952364189944274687546873069280776177
191 111 654192771663097176218769103321154905
111 191 654192771663097176218769103321154905
191 135 1113477398155091442247270434302624
135 191 1113477398155091442247270434302624
191 159 -16332084190225372248810113948646
159 191 -16332084190225372248810113948646
191 183 123490162747552315873609784
183 191 123490162747552315873609784
190 10 927633175499033439681787424384
10 190 927633175499033439681787424384
190 34 118034641056053649447002723588572416837
34 190 118034641056053649447002723588572416837
190 58 -1051611616629573397099512293046243931620
58 190 -1051611616629573397099512293046243931620
190 82 572656926813684875998808245007632426507
82 190 572656926813684875998808245007632426507
190 106 8719315217580590666148066788751083382
106 190 8719315217580590666148066788751083382
190 130 42198027641556534335715488519678631
130 190 42198027641556534335715488519678631
190 154 -182261345724578930404845405354135
154 190 -182261345724578930404845405354135
190 178 10366088266469197436920660389
178 190 10366088266469197436920660389
189 5 -158436547478919301599232
5 189 -158436547478919301599232
189 29 3770470645079030291763563871382199708
29 189 3770470645079030291763563871382199708
189 53 -3762635913925529421490116957071668762818
53 189 -3762635913925529421490116957071668762818
189 77 1348979448882866445894348825498847416090
77 189 1348979448882866445894348825498847416090
189 101 52057558791004659379630199108700059781
101 189 52057558791004659379630199108700059781
189 125 571167297224977887176711990323399700
125 189 571167297224977887176711990323399700
189 149 -883411368613116201235563212085490
149 189 -883411368613116201235563212085490
189 173 331503306539249342295999371616
173 189 331503306539249342295999371616
188 24 -13826944563857589099845229766800286349
24 188 -13826944563857589099845229766800286349
188 48 -7162396975849618572531022709030560074257
48 188 -7162396975849618572531022709030560074257
188 72 1621994385726392456612512390873315456490
72 188 1621994385726392456612512390873315456490
188 96 238884776486174467245708018341597789580
96 188 238884776486174467245708018341597789580
188 120 4701007550681205568372322552153462149
120 188 4701007550681205568372322552153462149
188 144 6845132808901783593377346505139670
144 188 6845132808901783593377346505139670
188 168 7194807377482884056303193292616
168 188 7194807377482884056303193292616
187 19 845291601288738723365027370742451080
19 187 845291601288738723365027370742451080
187 43 -8423659740179726758081981797231113857485
43 187 -8423659740179726758081981797231113857485
187 67 -1042935981106916667796619633440285425058
67 187 -1042935981106916667796619633440285425058
187 91 999489792680794848955626972047447646618
91 187 999489792680794848955626972047447646618
187 115 25338806750287596373376048386474482380
115 187 25338806750287596373376048386474482380
187 139 177991001694423072644611564040503693
139 187 177991001694423072644611564040503693
187 163 130640587603875629868823297428917
163 187 130640587603875629868823297428917
187 187 -136222695730027731488922801
186 14 89154960079671372418683436830467328
14 186 89154960079671372418683436830467328
186 38 -4308478167981704177746088683434813106712
38 186 -4308478167981704177746088683434813106712
186 62 -4467117914282571892574728662518880977872
62 186 -4467117914282571892574728662518880977872
186 86 3157533392769020238154832328656337452111
86 186 3157533392769020238154832328656337452111
186 110 90704677735057012464826484491565296165
110 186 90704677735057012464826484491565296165
186 134 1876898339049616954857638628055894032
134 186 1876898339049616954857638628055894032
186 158 2099805922842851943997362478849091
158 186 2099805922842851943997362478849091
186 182 10530047347121398480674286766
182 186 10530047347121398480674286766
185 9 23259616798747522136582676545024
9 185 23259616798747522136582676545024
185 33 1299648912855228459973174392723085769745
33 185 1299648912855228459973174392723085769745
185 57 11769945110270250895478862613269904177684
57 185 11769945110270250895478862613269904177684
185 81 4302288006345994485071560679803026964607
81 185 4302288006345994485071560679803026964607
185 105 249852457608734937406588077579808092210
105 185 249852457608734937406588077579808092210
185 129 13300476442337223835834392380869475562
129 185 13300476442337223835834392380869475562
185 153 28824629025828570276536738273117381
153 185 28824629025828570276536738273117381
185 177 823920148586122568005469003168
177 185 823920148586122568005469003168
184 4 116320714427050848219136
4 184 116320714427050848219136
184 28 2470304471967658326531520821843400362693
28 184 2470304471967658326531520821843400362693
184 52 73609750535298256013824350672543573362034
52 184 73609750535298256013824350672543573362034
184 76 -7176908098479101074900219522543366877034
76 184 -7176908098479101074900219522543366877034
184 100 784988640890708602088610275080339464546
100 184 784988640890708602088610275080339464546
184 124 71755704831351162827331370497578896197
124 184 71755704831351162827331370497578896197
184 148 319120796942249727540369461990029505
148 184 319120796942249727540369461990029505
184 172 26833832681073608287758757718057
172 184 26833832681073608287758757718057
183 23 -30163765160632242334108510971057597664
23 183 -30163765160632242334108510971057597664
183 47 142563655471580139550550199603454038170736
47 183 142563655471580139550550199603454038170736
183 71 -19437248003919462780182563090628164576144
71 183 -19437248003919462780182563090628164576144
183 95 1943029351910320310994928829372842914245
95 183 1943029351910320310994928829372842914245
183 119 314069430401200823782652562554181077993
119 183 314069430401200823782652562554181077993
183 143 2788944734469346797816820492031988621
143 183 2788944734469346797816820492031988621
183 167 601290354312397244314640044723657
167 183 601290354312397244314640044723657
182 18 -48466157897181633836016129486866968128
18 182 -48466157897181633836016129486866968128
182 42 82790905676263203862825953375095964149818
42 182 82790905676263203862825953375095964149818
182 66 75957590587847814366689238038702804721870
66 182 75957590587847814366689238038702804721870
182 90 -4528422015567232226170537392784625220096
90 182 -4528422015567232226170537392784625220096
182 114 1152981117464196229813918706983037823539
114 182 1152981117464196229813918706983037823539
182 138 19581404512300831148197803652618318059
138 182 19581404512300831148197803652618318059
182 162 10187901608677772551294657457013886
162 182 10187901608677772551294657457013886
181 13 -1155108328771140573449182822572546048
13 181 -1155108328771140573449182822572546048
181 37 -71139661166000522668834741557282223524886
37 181 -71139661166000522668834741557282223524886
181 61 290890766509233861507959207778658816333450
61 181 290890766509233861507959207778658816333450
181 85 -47746538684210805208425581020888159353350
85 181 -47746538684210805208425581020888159353350
181 109 3415964693460612121391498625708008058237
109 181 3415964693460612121391498625708008058237
181 133 115879277646783190769612290540578335062
133 181 115879277646783190769612290540578335062
181 157 133790710327888726557023538863246627
157 181 133790710327888726557023538863246627
181 181 1333543720746221101159490716548
180 8 151325754986757267441373222469632
8 180 151325754986757267441373222469632
180 32 -135111630693241008113963232191642232123253
32 180 -135111630693241008113963232191642232123253
180 56 45593163009108398931795145782984572496614
56 180 45593163009108398931795145782984572496614
180 80 -94051186799716599268489183448639273922913
80 180 -94051186799716599268489183448639273922913
180 104 6163881043808732689595005812062402090057
104 180 6163881043808732689595005812062402090057
180 128 604634835865354221241330525159048966184
128 180 604634835865354221241330525159048966184
180 152 1377338424322439883624127593869675513
152 180 1377338424322439883624127593869675513
180 176 56005732882180250416676399516091
176 180 56005732882180250416676399516091
179 3 -8314142498740742848512
3 179 -8314142498740742848512
179 27 -10397191302841827679785395141784686157960
27 179 -10397191302841827679785395141784686157960
179 51 -1072978541741355430144617659290552081386196
51 179 -1072978541741355430144617659290552081386196
179 75 56349017650399394204327372383721048299496
75 179 56349017650399394204327372383721048299496
179 99 -5854276199993847661477760370230984127434
99 179 -5854276199993847661477760370230984127434
179 123 2755349220924083841038212701677934318106
123 179 2755349220924083841038212701677934318106
179 147 11369250699003023225596243461633087304
147 179 11369250699003023225596243461633087304
179 171 1373446670843435452302739184575247
171 179 1373446670843435452302739184575247
178 22 7554217027587433564608174309668634677568
22 178 7554217027587433564608174309668634677568
178 46 -1199370121751289660374938376909279566328643
46 178 -1199370121751289660374938376909279566328643
178 70 -47281472735824702126117715498761862933347
70 178 -47281472735824702126117715498761862933347
178 94 -66486269757629869499803093172376835738439
94 178 -66486269757629869499803093172376835738439
178 118 10239659375831018757602282951905503740066
118 178 10239659375831018757602282951905503740066
178 142 78623090458927664696414500922872640451
142 178 78623090458927664696414500922872640451
178 166 23876655341310866444227153608550066
166 178 23876655341310866444227153608550066
177 17 736127608883275258051393115907313110016
17 177 736127608883275258051393115907313110016
177 41 928031235766750688618101343784840082356851
41 177 928031235766750688618101343784840082356851
177 65 -2363815056389576638141042574159460147342842
65 177 -2363815056389576638141042574159460147342842
177 89 -77396292661928510189050551069317533560858
89 177 -77396292661928510189050551069317533560858
177 113 28560474540494508709288673239705723573133
113 177 28560474540494508709288673239705723573133
177 137 476998565729602398347515077641576679018
137 177 476998565729602398347515077641576679018
177 161 311960359503717911102180285736137378
161 177 311960359503717911102180285736137378
176 12 6740313873497488464803632412367900672
12 176 6740313873497488464803632412367900672
176 36 3002131075079502199844132730545072176466637
36 176 3002131075079502199844132730545072176466637
176 60 -5541070156340711693239990795677885333332563
60 176 -5541070156340711693239990795677885333332563
176 84 333162351355192772527961710602777955001106
84 176 333162351355192772527961710602777955001106
176 108 56573421478058976195224849007145446673780
108 176 56573421478058976195224849007145446673780
176 132 2537743000212236788871029696721554149079
132 176 2537743000212236788871029696721554149079
176 156 3192636655159411247170846846218893077
156 176 3192636655159411247170846846218893077
175 7 301565068174822781851889144528896
7 175 301565068174822781851889144528896
175 31 569117289328004181350677932458257788199088
31 175 569117289328004181350677932458257788199088
175 55 -738392114643465034808222580193005872293712
55 175 -738392114643465034808222580193005872293712
175 79 410230107532977984984829327285836472165667
79 175 410230107532977984984829327285836472165667
175 103 93308262481381007770921435823453162298241
103 175 93308262481381007770921435823453162298241
175 127 11201171494489331527927009303162581609038
127 175 11201171494489331527927009303162581609038
175 151 26778691213216576520700202751965233103
151 175 26778691213216576520700202751965233103
175 175 1708695357839717913792247331458517
174 2 33624487258494861312
2 174 33624487258494861312
174 26 -275742602750829067375749675739828038829568
26 174 -275742602750829067375749675739828038829568
174 50 8366869741145587261439698234690236783303099
50 174 8366869741145587261439698234690236783303099
174 74 -2395298048063974541114253933285696523932158
74 174 -2395298048063974541114253933285696523932158
174 98 255896246639614704389772248520799450548865
98 174 255896246639614704389772248520799450548865
174 122 38830286528242766620386599323052970995547
122 174 38830286528242766620386599323052970995547
174 146 193517684407952168290984220160555680140
146 174 193517684407952168290984220160555680140
174 170 33026141567265064578045348278152899
170 174 33026141567265064578045348278152899
173 21 -116106185185632179015050857157309208967168
21 173 -116106185185632179015050857157309208967168
173 45 -963865595673762121960491728362397747957240
45 173 -963865595673762121960491728362397747957240
173 69 -1029133320630181791003217455635004382804953
69 173 -1029133320630181791003217455635004382804953
173 93 825334391980036413222760849861121491513892
93 173 825334391980036413222760849861121491513892
173 117 106116785894118700998666352451086903255747
117 173 106116785894118700998666352451086903255747
173 141 1226798649023229748249204654039262383898
141 173 1226798649023229748249204654039262383898
173 165 463837583418677859695617231336956827
165 173 463837583418677859695617231336956827
172 16 -5104443651314300381822051683967298383872
16 172 -5104443651314300381822051683967298383872
172 40 -27530208666929216355123918787652363921812861
40 172 -27530208666929216355123918787652363921812861
172 64 23906342334514681250432081154258600588087142
64 172 23906342334514681250432081154258600588087142
172 88 1155217434292538713717908322481721045558991
88 172 1155217434292538713717908322481721045558991
172 112 249117531786380790880262996570809586494645
112 172 249117531786380790880262996570809586494645
172 136 6581298607554675021119213681892265766587
136 172 6581298607554675021119213681892265766587
172 160 5058636697483914064030084436960845846
160 172 5058636697483914064030084436960845846
171 11 -22448364904932558307583338707063865344
11 171 -22448364904932558307583338707063865344
171 35 -7424249886134005508944810750278720658854808
35 171 -7424249886134005508944810750278720658854808
171 59 43131924516705467406541580897532477384487061
59 171 43131924516705467406541580897532477384487061
171 83 307183000530877837964795285813750098904984
83 171 307183000530877837964795285813750098904984
171 107 521923353817010364033282207894041334847696
107 171 521923353817010364033282207894041334847696
171 131 28451354832013617968861658316863041297334
131 171 28451354832013617968861658316863041297334
171 155 45345339813043961863578878557445991771
155 171 45345339813043961863578878557445991771
170 6 190572098755523910340768929677312
6 170 190572098755523910340768929677312
170 30 5298617963280845047220861016006141705588352
30 170 5298617963280845047220861016006141705588352
170 54 -8502169173219237357782447994093348349374370
54 170 -8502169173219237357782447994093348349374370
170 78 9889610558930556741753956628697087183665470
78 170 9889610558930556741753956628697087183665470
170 102 720213502635202387505230239820848543183744
102 170 720213502635202387505230239820848543183744
170 126 98829808723093482321915310370086681135280
126 170 98829808723093482321915310370086681135280
170 150 347243343142090259495475093639356421071
150 170 347243343142090259495475093639356421071
169 1 -957021947953152
1 169 -957021947953152
169 25 4312913786972020100137974680182330295032320
25 169 4312913786972020100137974680182330295032320
169 49 -44059285388856846948324263399731364900028427
49 169 -44059285388856846948324263399731364900028427
169 73 45636571460893029593446868167537563408348666
73 169 45636571460893029593446868167537563408348666
169 97 -458481535585882149756585876902942803863676
97 169 -458481535585882149756585876902942803863676
169 121 293504158516720047853018025620487919805002
121 169 293504158516720047853018025620487919805002
169 145 2263387199085819465566648893372963571770
145 169 2263387199085819465566648893372963571770
169 169 528737657803549920492526728336820161
168 20 965877183493213180608267292372651983839232
20 168 965877183493213180608267292372651983839232
168 44 77648502789605976005253240619267976057022645
44 168 77648502789605976005253240619267976057022645
168 68 25194158074767392108790735615865560341144699
68 168 25194158074767392108790735615865560341144699
168 92 -4804857765094029267604278418637531382701387
92 168 -4804857765094029267604278418637531382701387
168 116 767057951768210997369002596586737324378240
116 168 767057951768210997369002596586737324378240
168 140 12142667385804578548281658738396655893104
140 168 12142667385804578548281658738396655893104
168 164 6322579302656034654879123059526204892
164 168 6322579302656034654879123059526204892
167 15 18326781037511398014583958823042869723136
15 167 18326781037511398014583958823042869723136
167 39 7710924765390096975683933826899181983657920
39 167 7710924765390096975683933826899181983657920
167 63 -157311314871022395918280075917161135548248588
63 167 -157311314871022395918280075917161135548248588
167 87 -9264985148269600573110868605713458673418388
87 167 -9264985148269600573110868605713458673418388
167 111 1579475524272315202386682532867442595463037
111 167 1579475524272315202386682532867442595463037
167 135 52423045446996819763876350876909711960688
135 167 52423045446996819763876350876909711960688
167 159 60858507677300139630862395448601987011
159 167 60858507677300139630862395448601987011
166 10 48764133892023647268891849692778332160
10 166 48764133892023647268891849692778332160
166 34 -76759687792082538263996056122193892245033152
34 166 -76759687792082538263996056122193892245033152
166 58 -180624765904235306460760203571389905605739096
58 166 -180624765904235306460760203571389905605739096
166 82 -18374793587068398156497635319296697997949171
82 166 -18374793587068398156497635319296697997949171
166 106 2284495229569709413897835131986217165143005
106 166 2284495229569709413897835131986217165143005
166 130 187857270252367601721377020862002277530468
130 166 187857270252367601721377020862002277530468
166 154 489664419562312245248312316221659948891
154 166 489664419562312245248312316221659948891
165 5 35150021611629766153258385014784
5 165 35150021611629766153258385014784
165 29 -72992591601449031449881702196968467543416832
29 165 -72992591601449031449881702196968467543416832
165 53 308823941984688045922650144323624487725049542
53 165 308823941984688045922650144323624487725049542
165 77 -111777185598236635863998575398713013056859629
77 165 -111777185598236635863998575398713013056859629
165 101 2224745816663262095727862475916857787768622
101 165 2224745816663262095727862475916857787768622
165 125 590817149400515538684010408738750120848462
125 165 590817149400515538684010408738750120848462
165 149 3301475383935958417252273363191930556390
149 165 3301475383935958417252273363191930556390
164 24 -29337178013080037673087069016189174064156672
24 164 -29337178013080037673087069016189174064156672
164 48 401604086888455810236203387994902076711132543
48 164 401604086888455810236203387994902076711132543
164 72 -312558116267147370484597608456297893764899657
72 164 -312558116267147370484597608456297893764899657
164 96 -1752771726737948771424897086788144732285762
96 164 -1752771726737948771424897086788144732285762
164 120 1617640658286480331775023251467991455540571
120 164 1617640658286480331775023251467991455540571
164 144 18056550927359520404015637383169056551150
144 164 18056550927359520404015637383169056551150
163 19 -5830955624095543206089410287012145281695744
19 163 -5830955624095543206089410287012145281695744
163 43 352474283110854775586594107197850919200227416
43 163 352474283110854775586594107197850919200227416
163 67 -96397422277877801386637369152202693039554082
67 163 -96397422277877801386637369152202693039554082
163 91 -20365709786514196937877805014496036332909318
91 163 -20365709786514196937877805014496036332909318
163 115 3793389910612912617354532893099669807482082
115 163 3793389910612912617354532893099669807482082
163 139 78969949491339922204499633512468921850716
139 163 78969949491339922204499633512468921850716
163 163 66506016796959305033440884164949127620
162 14 -30328894127053976395593069797302822240256
14 162 -30328894127053976395593069797302822240256
162 38 535479663433317584732140687020175154131398336
38 162 535479663433317584732140687020175154131398336
162 62 726954082058009425734185755512625169854994907
62 162 726954082058009425734185755512625169854994907
162 86 -53710648370270379132074865794571105885730392
86 162 -53710648370270379132074865794571105885730392
162 110 8216712248531326689330990344989213987891757
110 162 8216712248531326689330990344989213987891757
162 134 287911860497965734243243085444607251545010
134 162 287911860497965734243243085444607251545010
162 158 575429252708563682821451470542957539770
158 162 575429252708563682821451470542957539770
161 9 -62805137722428802817071480827075887104
9 161 -62805137722428802817071480827075887104
161 33 549365013371573980234044241556762665669732352
33 161 549365013371573980234044241556762665669732352
161 57 -203056920378204992020613317727396728916349509
57 161 -203056920378204992020613317727396728916349509
161 81 8552881819064116456669576643656831203181938
81 161 8552881819064116456669576643656831203181938
161 105 13732090384268867218283174569403343373883674
105 161 13732090384268867218283174569403343373883674
161 129 946821738235421744086772128169533736961718
129 161 946821738235421744086772128169533736961718
161 153 4066929258261504852837849252594361291703
153 161 4066929258261504852837849252594361291703
160 4 1498082162756423180961122877440
4 160 1498082162756423180961122877440
160 28 301505538192581656632624540354738476490891264
28 160 301505538192581656632624540354738476490891264
160 52 -2361586425340032043714871423534350173929448979
52 160 -2361586425340032043714871423534350173929448979
160 76 548532655158543376209854596910356551095439372
76 160 548532655158543376209854596910356551095439372
160 100 8082041792670425716238785242959605593888715
100 160 8082041792670425716238785242959605593888715
160 124 2892211621017393415276435746518684036833512
124 160 2892211621017393415276435746518684036833512
160 148 22797573368320941744432568000876755664255
148 160 22797573368320941744432568000876755664255
159 23 123294053627511748083388152449324442020020224
23 159 123294053627511748083388152449324442020020224
159 47 -2470591535877504367381201154588995901800396336
47 159 -2470591535877504367381201154588995901800396336
159 71 1472349106463894655121674073160813276383686740
71 159 1472349106463894655121674073160813276383686740
159 95 3462172882212525006991477729239428173333766
95 159 3462172882212525006991477729239428173333766
159 119 7981852872473870465454513283080264706486858
119 159 7981852872473870465454513283080264706486858
159 143 100901155056334774945348847828331722922114
143 159 100901155056334774945348847828331722922114
158 18 26305222714867926711653759073511625077555200
18 158 26305222714867926711653759073511625077555200
158 42 -544138827086031190898076671621974294359959680
42 158 -544138827086031190898076671621974294359959680
158 66 172716493662768444384517322013555508492818973
66 158 172716493662768444384517322013555508492818973
158 90 53082874612024876369265849980844455474423016
90 158 53082874612024876369265849980844455474423016
158 114 19151925075966103155592347798861212434910758
114 158 19151925075966103155592347798861212434910758
158 138 380627082774946654939422418969181410969768
138 158 380627082774946654939422418969181410969768
157 13 -4722208468147973924345566327652537597952
13 157 -4722208468147973924345566327652537597952
157 37 378056762697454097821809961058819006614380544
37 157 378056762697454097821809961058819006614380544
157 61 -2434602810092066221957177872305908915667510316
61 157 -2434602810092066221957177872305908915667510316
157 85 -26930635237781049459783045669110950894669836
85 157 -26930635237781049459783045669110950894669836
157 109 37207159961692405453798312301440081382461240
109 157 37207159961692405453798312301440081382461240
157 133 1366608457715976893787619012285729075869670
133 157 1366608457715976893787619012285729075869670
157 157 4335942377911855023315901065589307408190
156 8 56673754915381010137987686456736350208
8 156 56673754915381010137987686456736350208
156 32 186749595685308002024632917127104808946130944
32 156 186749595685308002024632917127104808946130944
156 56 -974272448938806170622527361568949232225271429
56 156 -974272448938806170622527361568949232225271429
156 80 -492142365554689699622215748696547554650703655
80 156 -492142365554689699622215748696547554650703655
156 104 68770146109205744010110764665672185693380839
104 156 68770146109205744010110764665672185693380839
156 128 4490271163207213985174770831266205628909606
128 156 4490271163207213985174770831266205628909606
156 152 25391818169176450604039990691856951645516
152 156 25391818169176450604039990691856951645516
155 3 9075786578823118273262911488
3 155 9075786578823118273262911488
155 27 -385677561373335581343051370111628220094349312
27 155 -385677561373335581343051370111628220094349312
155 51 1624455363025639936164906541819173831330796072
51 155 1624455363025639936164906541819173831330796072
155 75 -1886531140403068976674030150730167080858507837
75 155 -1886531140403068976674030150730167080858507837
155 99 146703527760666293890319320285765431592948612
99 155 146703527760666293890319320285765431592948612
155 123 12366278102752263866826786232006849006275544
123 155 12366278102752263866826786232006849006275544
155 147 116482080173283741278316048432419593982940
147 155 116482080173283741278316048432419593982940
154 22 -275673675629742888609254550548314569210593280
22 154 -275673675629742888609254550548314569210593280
154 46 -11559985017871059613488653028568953958767302144
46 154 -11559985017871059613488653028568953958767302144
154 70 -3204087399527100105243907803477208152386304124
70 154 -3204087399527100105243907803477208152386304124
154 94 29126680530112693429759121576452626209536732
94 154 29126680530112693429759121576452626209536732
154 118 30844299945975562193831782821018898072142431
118 154 30844299945975562193831782821018898072142431
154 142 463316744891496693221146403252573057950293
142 154 463316744891496693221146403252573057950293
153 17 -88803319186529630757250586882933380572250112
17 153 -88803319186529630757250586882933380572250112
153 41 -22083545352553199312149289419536628420857375232
41 153 -22083545352553199312149289419536628420857375232
153 65 2585523197765776022836443019339120708501481153
65 153 2585523197765776022836443019339120708501481153
153 89 -743998618496373474564126506130645972286595880
89 153 -743998618496373474564126506130645972286595880
153 113 71442962368337525151243911106664264906171522
113 153 71442962368337525151243911106664264906171522
153 137 1754944153718662850745490135175710781359126
137 153 1754944153718662850745490135175710781359126
152 12 133339853242245909494936027712618888167424
12 152 133339853242245909494936027712618888167424
152 36 -22696223360371555095511002299096618325330178048
36 152 -22696223360371555095511002299096618325330178048
152 60 18076726431622617732471314143155882364273882625
60 152 18076726431622617732471314143155882364273882625
152 84 -1058526829196431296962461347546202688820128352
84 152 -1058526829196431296962461347546202688820128352
152 108 140757029491227608078032206475151301706554998
108 152 140757029491227608078032206475151301706554998
152 132 5915251626336316245877784080077022033091691
132 152 5915251626336316245877784080077022033091691
151 7 -30433627411722287594910332341096284160
7 151 -30433627411722287594910332341096284160
151 31 -9531908636974575173892807320491092093614489600
31 151 -9531908636974575173892807320491092093614489600
151 55 19476822480736529775657422978447271325340082528
55 151 19476822480736529775657422978447271325340082528
151 79 -775426423578154498192304225063585148017727000
79 151 -775426423578154498192304225063585148017727000
151 103 190977144248897279436913685658678193218210322
103 151 190977144248897279436913685658678193218210322
151 127 17094029999126046409660373197747641960033842
127 151 17094029999126046409660373197747641960033842
151 151 121870237622062359122822487090339342533485
150 2 2827851000716038118572032
2 150 2827851000716038118572032
150 26 -1171028158521690526207109670507349535063277568
26 150 -1171028158521690526207109670507349535063277568
150 50 46525061251712603246987888352808010870719674048
50 150 46525061251712603246987888352808010870719674048
150 74 -636249577858239250331225273169743777725989434
74 150 -636249577858239250331225273169743777725989434
150 98 92961130451720891699755775097303189869371176
98 150 92961130451720891699755775097303189869371176
150 122 44842156211002560943544397814458645477716759
122 150 44842156211002560943544397814458645477716759
150 146 501781310064613962236308424796047602786244
146 150 501781310064613962236308424796047602786244
149 21 -116445570117123434160568702857063055115681792
21 149 -116445570117123434160568702857063055115681792
149 45 80543393213963466710159398869586501400703277056
45 149 80543393213963466710159398869586501400703277056
149 69 15188726274667145372403280218487731492823565002
69 149 15188726274667145372403280218487731492823565002
149 93 532340356804870190338962868937004196204347312
93 149 532340356804870190338962868937004196204347312
149 117 100269934499038914675700537076105251050274052
117 149 100269934499038914675700537076105251050274052
149 141 1989899700126373464780628509020367230614879
141 149 1989899700126373464780628509020367230614879
148 16 226288549571128970631425551097925820766748672
16 148 226288549571128970631425551097925820766748672
148 40 97920378202172134401769804407843228008804933632
40 148 97920378202172134401769804407843228008804933632
148 64 4400135271684956512385040139795885027581314023
64 148 4400135271684956512385040139795885027581314023
148 88 2814384781724915441724706304412061344609834564
88 148 2814384781724915441724706304412061344609834564
148 112 191401343449189214020592006544880399450887779
112 148 191401343449189214020592006544880399450887779
148 136 7131318185537051532803285139707628027727854
136 148 7131318185537051532803285139707628027727854
147 11 -290408532477719128452465259773075256246272
11 147 -290408532477719128452465259773075256246272
147 35 77457491767773647278605683070057190108130246656
35 147 77457491767773647278605683070057190108130246656
147 59 -20684185582126208182691544154712965668011849224
59 147 -20684185582126208182691544154712965668011849224
147 83 542378059530441289243184229124157373373972248
83 147 542378059530441289243184229124157373373972248
147 107 461716698574090529027161401277646521378326564
107 147 461716698574090529027161401277646521378326564
147 131 20327920649011134615233903032597674799285537
131 147 20327920649011134615233903032597674799285537
146 6 8880837304542762751190192846717059072
6 146 8880837304542762751190192846717059072
146 30 19911826627060777449341383616417708041009889280
30 146 19911826627060777449341383616417708041009889280
146 54 11053855594417180440609108608867552543540414272
54 146 11053855594417180440609108608867552543540414272
146 78 4889598720649539437630551000322013379637268941
78 146 4889598720649539437630551000322013379637268941
146 102 1229470777490673158811177143793399986006226915
102 146 1229470777490673158811177143793399986006226915
146 126 50701515094304217392223762544758928136175280
126 146 50701515094304217392223762544758928136175280
145 1 4321702685733552128
1 145 4321702685733552128
145 25 2187195278650332503703016457508561459731234816
25 145 2187195278650332503703016457508561459731234816
145 49 49355480206273434309958333005927778836251689984
49 145 49355480206273434309958333005927778836251689984
145 73 -1932542918349661270742368546742595644288801849
73 145 -1932542918349661270742368546742595644288801849
145 97 3222018553040020145295301024403580361372596126
97 145 3222018553040020145295301024403580361372596126
145 121 125670007454732625924984409840017114855655081
121 145 125670007454732625924984409840017114855655081
145 145 2113446985648881071158455412973320539974308
144 20 3325164995578316735345387600659206442481352704
20 144 3325164995578316735345387600659206442481352704
144 44 103195271474247238077606853082585335157328687104
44 144 103195271474247238077606853082585335157328687104
144 68 -71291855622005117855268586198036741815156774011
68 144 -71291855622005117855268586198036741815156774011
144 92 5010151099257551292140279495964231411204913695
92 144 5010151099257551292140279495964231411204913695
144 116 327804651218593542167686594851411387228790177
116 144 327804651218593542167686594851411387228790177
144 140 7609202033163178245069808177219354140091263
140 144 7609202033163178245069808177219354140091263
143 15 -442564391457579231581947429680030873689260032
15 143 -442564391457579231581947429680030873689260032
143 39 33722640650409796927593429586247823615752699904
39 143 33722640650409796927593429586247823615752699904
143 63 -121509810197337162979226241747901851942588520016
63 143 -121509810197337162979226241747901851942588520016
143 87 9999822684451417411797320663462561414276091048
87 143 9999822684451417411797320663462561414276091048
143 111 739726123294501806891195670251877134983132895
111 143 739726123294501806891195670251877134983132895
143 135 21718842836057885175832690112389136596935142
135 143 21718842836057885175832690112389136596935142
142 10 339629228831403241937761471130358127788032
10 142 339629228831403241937761471130358127788032
142 34 -12394554388860030714149002411707429796799315968
34 142 -12394554388860030714149002411707429796799315968
142 58 -205061593569734406735610099422541321752723463936
58 142 -205061593569734406735610099422541321752723463936
142 82 20996518428221705563543869782927040361132517971
82 142 20996518428221705563543869782927040361132517971
142 106 1448078163833443473435858695422235443237062982
106 142 1448078163833443473435858695422235443237062982
142 130 58941247758522518060048366870152092057424222
130 142 58941247758522518060048366870152092057424222
141 5 -1157041875778128692366213288611020800
5 141 -1157041875778128692366213288611020800
141 29 40762863525915709208385422550637036597189541888
29 141 40762863525915709208385422550637036597189541888
141 53 -753842742509514063422297125458336397508447610880
53 141 -753842742509514063422297125458336397508447610880
141 77 -21900684790562547186541342090822026143010102128
77 141 -21900684790562547186541342090822026143010102128
141 101 3009885009950253975689533001772740736721457141
101 141 3009885009950253975689533001772740736721457141
141 125 165770916234763316268687438589275548127078110
125 141 165770916234763316268687438589275548127078110
140 24 27212550160119003145358748684358042049671331840
24 140 27212550160119003145358748684358042049671331840
140 48 -1280238044230235629504911804236996172861028995072
48 140 -1280238044230235629504911804236996172861028995072
140 72 -80333308152151194487940926210513549476495554369
72 140 -80333308152151194487940926210513549476495554369
140 96 7268972620833230828465355158104548451949021392
96 140 7268972620833230828465355158104548451949021392
140 120 390934389350900162220287017033711505556848389
120 140 390934389350900162220287017033711505556848389
139 19 -13706923832301154501211596053615141433540345856
19 139 -13706923832301154501211596053615141433540345856
139 43 -1495419173630542793718066976113870877764769087488
43 139 -1495419173630542793718066976113870877764769087488
139 67 15460343346797290165938948373940765154310414792
67 139 15460343346797290165938948373940765154310414792
139 91 10991578105112508716874799271556336727351506909
91 139 10991578105112508716874799271556336727351506909
139 115 831864932330875446934988234419070635372692638
115 139 831864932330875446934988234419070635372692638
139 139 22513317488245409740177005782197727143183794
138 14 663237238245766816571948902327429951872040960
14 138 663237238245766816571948902327429951872040960
138 38 -627913011511682542105854983087245629569671626752
38 138 -627913011511682542105854983087245629569671626752
138 62 -40719972982927312021198417482863601774463323776
62 138 -40719972982927312021198417482863601774463323776
138 86 23025768319370058920402825290654474486512011802
86 138 23025768319370058920402825290654474486512011802
138 110 1933327664104520335206758170663073843340002046
110 138 1933327664104520335206758170663073843340002046
138 134 58831083592877754003466275049409812670826383
134 138 58831083592877754003466275049409812670826383
137 9 -233527422786066247456671634376861792862208
9 137 -233527422786066247456671634376861792862208
137 33 -118172455063570390354393557649265363883384635392
33 137 -118172455063570390354393557649265363883384635392
137 57 965903943886371316057103437173845545399556012544
57 137 965903943886371316057103437173845545399556012544
137 81 -1177897582538204303702454342623946381341065567
81 137 -1177897582538204303702454342623946381341065567
137 105 6196011421458367408067167661556205294217183454
105 137 6196011421458367408067167661556205294217183454
137 129 161515061474056369465155684548718480384563659
129 137 161515061474056369465155684548718480384563659
136 4 37865319290029714870772781492994048
4 136 37865319290029714870772781492994048
136 28 -120408537380333150219433161377126935463244857344
28 136 -120408537380333150219433161377126935463244857344
136 52 2246789755529393668955564428944820433286919667712
52 136 2246789755529393668955564428944820433286919667712
136 76 277477791444438806309632433401912790814005418185
76 136 277477791444438806309632433401912790814005418185
136 100 6415538400550406343513285991166600698037658253
100 136 6415538400550406343513285991166600698037658253
136 124 472176577530950663544336998282739703145230111
124 136 472176577530950663544336998282739703145230111
135 23 -181056956747750472495374427397923766806270443520
23 135 -181056956747750472495374427397923766806270443520
135 47 3662714817683018083991505318665028011847176323072
47 135 3662714817683018083991505318665028011847176323072
135 71 175205478324500377492330736726576209144080817024
71 135 175205478324500377492330736726576209144080817024
135 95 14832021437090641364384038152142352246350908684
95 135 14832021437090641364384038152142352246350908684
135 119 943759949161388349154085062099740666123721676
119 135 943759949161388349154085062099740666123721676
134 18 35107916608949353094291842602881497485566541824
18 134 35107916608949353094291842602881497485566541824
134 42 2592502070360291866510349206473169222674800967680
42 134 2592502070360291866510349206473169222674800967680
134 66 312934318121570524008355264020608856296785212224
66 134 312934318121570524008355264020608856296785212224
134 90 50132774804432580692117987133410577140884176292
90 134 50132774804432580692117987133410577140884176292
134 114 2129996840434361353493093784750932676354442931
114 134 2129996840434361353493093784750932676354442931
133 13 -754903221331041663982615342732411014284836864
13 133 -754903221331041663982615342732411014284836864
133 37 -860314890472999847166904793376146529275172880384
37 133 -860314890472999847166904793376146529275172880384
133 61 397018328872015103074459763232555595785076224000
61 133 397018328872015103074459763232555595785076224000
133 85 137820073726381934865542585886344339114993893302
85 133 137820073726381934865542585886344339114993893302
133 109 4916332388783766101425310889965551789585727757
109 133 4916332388783766101425310889965551789585727757
133 133 191154962889739474500218940915647894504014384
132 8 93616867419607314809457444811583673860096
8 132 93616867419607314809457444811583673860096
132 32 -1577917075995194124712885024381446004687878750208
32 132 -1577917075995194124712885024381446004687878750208
132 56 -2015815129312009009652595706661058783849282170880
56 132 -2015815129312009009652595706661058783849282170880
132 80 389209130409691078514365693940661810885785424487
80 132 389209130409691078514365693940661810885785424487
132 104 9511738234497162102568747947875261567347755117
104 132 9511738234497162102568747947875261567347755117
132 128 492626235925525761978791512337907129957194603
128 132 492626235925525761978791512337907129957194603
131 3 -142954152385684524778110700224512
3 131 -142954152385684524778110700224512
131 27 -577443321413408961686834791857297766712287952896
27 131 -577443321413408961686834791857297766712287952896
131 51 -280260831447092968052148687459347044865865744384
51 131 -280260831447092968052148687459347044865865744384
131 75 9423180660305634429619634740991571050728524536
75 131 9423180660305634429619634740991571050728524536
131 99 28327069198268124080465122127362910543126465826
99 131 28327069198268124080465122127362910543126465826
131 123 875013729313459998393542380108610958774432064
123 131 875013729313459998393542380108610958774432064
130 22 614885693123160506916174186820734135559172128768
22 130 614885693123160506916174186820734135559172128768
130 46 -4816841890088458166336916113141713599974387482624
46 130 -4816841890088458166336916113141713599974387482624
130 70 1343777179406189156066807666107330583112481150144
70 130 1343777179406189156066807666107330583112481150144
130 94 97809109148482120690945459806607173979194271563
94 130 97809109148482120690945459806607173979194271563
130 118 1536031681314102432716534194062984326918600142
118 130 1536031681314102432716534194062984326918600142
129 17 -63616584406346796353890275305189522942927568896
17 129 -63616584406346796353890275305189522942927568896
129 41 -644209443929331519643546363234877647418785005568
41 129 -644209443929331519643546363234877647418785005568
129 65 -277697566479585940092510325311568575167473790976
65 129 -277697566479585940092510325311568575167473790976
129 89 82464459614738939838730912322839830026592722651
89 129 82464459614738939838730912322839830026592722651
129 113 8038400734908303317660301421094989033655517618
113 129 8038400734908303317660301421094989033655517618
128 12 636656950983677922756794143925707447109419008
12 128 636656950983677922756794143925707447109419008
128 36 5589536731753961866340479658512295951091835600896
36 128 5589536731753961866340479658512295951091835600896
128 60 -4335725892388582592358241679549246213407245729792
60 128 -4335725892388582592358241679549246213407245729792
128 84 160188766722729403603761771775511869705688196609
84 128 160188766722729403603761771775511869705688196609
128 108 10917163882433129665344039153675069898126140346
108 128 10917163882433129665344039153675069898126140346
127 7 -19174188296742068281893708786867294437376
7 127 -19174188296742068281893708786867294437376
127 31 6408431942058883748125447941703529290508586188800
31 127 6408431942058883748125447941703529290508586188800
127 55 882463055471609428698170840485427638916541186048
55 127 882463055471609428698170840485427638916541186048
127 79 -1102560589811055478924340687090754712919951146416
79 127 -1102560589811055478924340687090754712919951146416
127 103 38964813630094173371911406502765978592704161020
103 127 38964813630094173371911406502765978592704161020
127 127 756971342764986382417593061402891221045831698
126 2 16471127213883864801207123968
2 126 16471127213883864801207123968
126 26 3390375664492716201209284058985623244989177790464
26 126 3390375664492716201209284058985623244989177790464
126 50 -14079924206376158267198633618852047981308907880448
50 126 -14079924206376158267198633618852047981308907880448
126 74 1473649172439683770905780818601886367136768755328
74 126 1473649172439683770905780818601886367136768755328
126 98 96749423564419890143284637903838958802071974481
98 126 96749423564419890143284637903838958802071974481
126 122 1385424248606742054494099891696889874678547528
122 126 1385424248606742054494099891696889874678547528
125 21 -1442699822963384383690908876599248151843421814784
21 125 -1442699822963384383690908876599248151843421814784
125 45 19430082133663889381100604318209191283876719230976
45 125 19430082133663889381100604318209191283876719230976
125 69 -5119909214439125714840228179692831444109358616576
69 125 -5119909214439125714840228179692831444109358616576
125 93 188820305896361479700115198445748649187497031052
93 125 188820305896361479700115198445748649187497031052
125 117 5953564929510327096949011416547753235334759750
117 125 5953564929510327096949011416547753235334759750
124 16 83134994091945393545756289547420202357670019072
16 124 83134994091945393545756289547420202357670019072
124 40 19381332422091729188407510994473490033089032749056
40 124 19381332422091729188407510994473490033089032749056
124 64 11527720065945253649304397022871803267521882374144
64 124 11527720065945253649304397022871803267521882374144
124 88 158559946367618555244484251389188158858184186671
88 124 158559946367618555244484251389188158858184186671
124 112 13905942251206552526214775327871559549350831215
112 124 13905942251206552526214775327871559549350831215
123 11 -387914664492198925691638343701903795734708224
11 123 -387914664492198925691638343701903795734708224
123 35 10387954556707116735999215441671769865102110490624
35 123 10387954556707116735999215441671769865102110490624
123 59 24379346730889166014517297352889007219887173795840
59 123 24379346730889166014517297352889007219887173795840
123 83 -659715676917911518709847298582718640212741781208
83 123 -659715676917911518709847298582718640212741781208
123 107 31075440254319708963264447661664849081106652231
107 123 31075440254319708963264447661664849081106652231
122 6 1464903797992391971713840025905351622656
6 122 1464903797992391971713840025905351622656
122 30 -4862356114836916325159933355188767922982280495104
30 122 -4862356114836916325159933355188767922982280495104
122 54 13915357082294649190944826977378488935887147106304
54 122 13915357082294649190944826977378488935887147106304
122 78 3208497587483685164295551176538276937016587282688
78 122 3208497587483685164295551176538276937016587282688
122 102 56254378361220697277535587130732092275694960424
102 122 56254378361220697277535587130732092275694960424
121 1 -4757949423525499502592
1 121 -4757949423525499502592
121 25 -8585551944499668087099355200238587604992950009856
25 121 -8585551944499668087099355200238587604992950009856
121 49 42709989010207821136664314541760391587633442062336
49 121 42709989010207821136664314541760391587633442062336
121 73 -5627687989817604463039897227036844404403971537408
73 121 -5627687989817604463039897227036844404403971537408
121 97 101880784920272215547607544092772292247332842933
97 121 101880784920272215547607544092772292247332842933
121 121 8665637545114375603922334875176947809223235772
120 20 2466282084440807758325905891932968690791827374080
20 120 2466282084440807758325905891932968690791827374080
120 44 -80612136574259789332918781553620289714359833198592
44 120 -80612136574259789332918781553620289714359833198592
120 68 20521578902558930092606584815469491860295326494720
68 120 20521578902558930092606584815469491860295326494720
120 92 157478777603461334255177328546816877049585100121
92 120 157478777603461334255177328546816877049585100121
120 116 14643796436770577355900779563291657706697729182
116 120 14643796436770577355900779563291657706697729182
119 15 -75937580746062391177680298572839749381594808320
15 119 -75937580746062391177680298572839749381594808320
119 39 -110774506931821908740028119155708842122965864677376
39 119 -110774506931821908740028119155708842122965864677376
119 63 -17443728811781986397027135289327753501224052719616
63 119 -17443728811781986397027135289327753501224052719616
119 87 -1510562447170891837600921587565989193499976248416
87 119 -1510562447170891837600921587565989193499976248416
119 111 23981692259386312709961740041221544157996701040
111 119 23981692259386312709961740041221544157996701040
118 10 165368018245270211985255505452161224128069632
10 118 165368018245270211985255505452161224128069632
118 34 -71389088560513533993600540903749850021139878772736
34 118 -71389088560513533993600540903749850021139878772736
118 58 7635384540885861906450775166537597245072797073408
58 118 7635384540885861906450775166537597245072797073408
118 82 6259782985502855724220509427622859134668433380032
82 118 6259782985502855724220509427622859134668433380032
118 106 1368120617687529418767779762128727538853360506
106 118 1368120617687529418767779762128727538853360506
117 5 6598154009985111186391326709803646976
5 117 6598154009985111186391326709803646976
117 29 -16690495043245801721215537088007849014455215063040
29 117 -16690495043245801721215537088007849014455215063040
117 53 -7260702784277761243462191502829925272563254034432
53 117 -7260702784277761243462191502829925272563254034432
117 77 -7593994975790408378564627533896884350131665246208
77 117 -7593994975790408378564627533896884350131665246208
117 101 249707690759295662600215907206940065075738654274
101 117 249707690759295662600215907206940065075738654274
116 24 16416036840326226127528626162274090602111833210880
24 116 16416036840326226127528626162274090602111833210880
116 48 -29406629858175541935130126202815450412820402798592
48 116 -29406629858175541935130126202815450412820402798592
116 72 29773711854932913473394094727596230459183191621632
72 116 29773711854932913473394094727596230459183191621632
116 96 -151651837410399442331592026626786065270271810219
96 116 -151651837410399442331592026626786065270271810219
115 19 -2935543483360893422614188125215262538511182462976
19 115 -2935543483360893422614188125215262538511182462976
115 43 61536350036288251016084709434800659648532214448128
43 115 61536350036288251016084709434800659648532214448128
115 67 -105579103946015380121036423967656521281457229856768
67 115 -105579103946015380121036423967656521281457229856768
115 91 -815046279362177724380860352742178337978662743464
91 115 -815046279362177724380860352742178337978662743464
115 115 22261791556574177425887733211750871164439385672
114 14 44346165837572845059438471378276877601035255808
14 114 44346165837572845059438471378276877601035255808
114 38 274766502621573763348694861071304503970536106229760
38 114 274766502621573763348694861071304503970536106229760
114 62 24369202581135921433740777907107447405116437561344
62 114 24369202581135921433740777907107447405116437561344
114 86 6191963108122872969170216825845693363332606366784
86 114 6191963108122872969170216825845693363332606366784
114 110 -25462821521751616568169735331150877287076983691
110 114 -25462821521751616568169735331150877287076983691
113 9 -48120265606077407551997731416073244740943872
9 113 -48120265606077407551997731416073244740943872
113 33 50287849641449462214506119642933857586448252796928
33 113 50287849641449462214506119642933857586448252796928
113 57 -307659596650336839564670943175933546396015367553024
57 113 -307659596650336839564670943175933546396015367553024
113 81 -14503459429513279529198142529209810198080750502912
81 113 -14503459429513279529198142529209810198080750502912
113 105 140332014867830186452538640649525993799263852901
105 113 140332014867830186452538640649525993799263852901
112 4 5269426685238691710740534416656826368
4 112 5269426685238691710740534416656826368
112 28 53944008645713308099783334808953948364851543801856
28 112 53944008645713308099783334808953948364851543801856
112 52 135594160876658949053292807598745782323479251517440
52 112 135594160876658949053292807598745782323479251517440
112 76 26278045288654464383030419419818396459162248204288
76 112 26278045288654464383030419419818396459162248204288
112 100 114563016408541950448929565134870026739353528857
100 112 114563016408541950448929565134870026739353528857
111 23 -28618945602171175810448813279466893546577910038528
23 111 -28618945602171175810448813279466893546577910038528
111 47 -298600328890047579557112207814015369173410634530816
47 111 -298600328890047579557112207814015369173410634530816
111 71 -98627912006049922275394617402089168460888707596288
71 111 -98627912006049922275394617402089168460888707596288
111 95 -1997661526074365300801727257655520520605909234192
95 111 -1997661526074365300801727257655520520605909234192
110 18 1981611957325042240618729745156517178287608299520
18 110 1981611957325042240618729745156517178287608299520
110 42 773323359988951018169020727245195347985856049709056
42 110 773323359988951018169020727245195347985856049709056
110 66 322298387494515024543397221182577045931616348405760
66 110 322298387494515024543397221182577045931616348405760
110 90 3600280215118124625762277576366853905644477467136
90 110 3600280215118124625762277576366853905644477467136
109 13 -11175375891980034212222838042303111963437170688
13 109 -11175375891980034212222838042303111963437170688
109 37 -801511871608230474583258853294188323717450586652672
37 109 -801511871608230474583258853294188323717450586652672
109 61 -400508100015863427365682409706468290263956213202944
61 109 -400508100015863427365682409706468290263956213202944
109 85 -19949984578608216766418640129416181039464530442240
85 109 -19949984578608216766418640129416181039464530442240
109 109 365461141566755292708655733363607656254848293920
108 8 8758997910493324511788718379377330327912448
8 108 8758997910493324511788718379377330327912448
108 32 423578679993485602896266711163807028607949788413952
32 108 423578679993485602896266711163807028607949788413952
108 56 1153771595625704355698334482721150044569960106164224
56 108 1153771595625704355698334482721150044569960106164224
108 80 38960079808500375972121591594497071379856404959232
80 108 38960079808500375972121591594497071379856404959232
108 104 183851885977079436663463502156050452966573713803
104 108 183851885977079436663463502156050452966573713803
107 3 136044045909821611908655753998630912
3 107 136044045909821611908655753998630912
107 27 -137357841184607093772019564563044683007757102612480
27 107 -137357841184607093772019564563044683007757102612480
107 51 -1843089972067214299171647751332695063246521260572672
51 107 -1843089972067214299171647751332695063246521260572672
107 75 -203030902258347783227544949933873735080908667420672
75 107 -203030902258347783227544949933873735080908667420672
107 99 -1122656118942641491620309125196207950394110823208
99 107 -1122656118942641491620309125196207950394110823208
106 22 38347953871896331423200052378941075261705292873728
22 106 38347953871896331423200052378941075261705292873728
106 46 2452958074717478521228632444270161561760759409541120
46 106 2452958074717478521228632444270161561760759409541120
106 70 379605002179954205900369741852766488031936638353408
70 106 379605002179954205900369741852766488031936638353408
106 94 87559719532001882801137904776238562486615072384
94 106 87559719532001882801137904776238562486615072384
105 17 141287292757070103093254542282918080090927529984
17 105 141287292757070103093254542282918080090927529984
105 41 -4483287471325392564032003476887161132886078921900032
41 105 -4483287471325392564032003476887161132886078921900032
105 65 -968290097848051101130369587012218957601600310345728
65 105 -968290097848051101130369587012218957601600310345728
105 89 -15910625410211690989191397202772402729526605942272
89 105 -15910625410211690989191397202772402729526605942272
104 12 -4814485354598730998299729625975715394788261888
12 104 -4814485354598730998299729625975715394788261888
104 36 3887695921137396549083731805635644220467153291182080
36 104 3887695921137396549083731805635644220467153291182080
104 60 2361511087292695685888491182990212021412041817325568
60 104 2361511087292695685888491182990212021412041817325568
104 84 44716703262446099109249184373453086302724670857216
84 104 44716703262446099109249184373453086302724670857216
103 7 -786387479373343400729185631368822898294784
7 103 -786387479373343400729185631368822898294784
103 31 -1877946450266111248066261582060139450295344437395456
31 103 -1877946450266111248066261582060139450295344437395456
103 55 -4993860475390921694863618447333738851289046680862720
55 103 -4993860475390921694863618447333738851289046680862720
103 79 -161098379715666447611504587242391201041145127141376
79 103 -161098379715666447611504587242391201041145127141376
103 103 -2923689132534042341669245866908861250038786351360
102 2 15037098482415871367051969822720
2 102 15037098482415871367051969822720
102 26 398923391453480162541459559634866314114282721116160
26 102 398923391453480162541459559634866314114282721116160
102 50 8822627597021168040542138912755107887685209075744768
50 102 8822627597021168040542138912755107887685209075744768
102 74 506810247179015378752440413890300829588521496346624
74 102 506810247179015378752440413890300829588521496346624
102 98 -1629620577392103460362863061193656146372926956224
98 102 -1629620577392103460362863061193656146372926956224
101 21 -23017361896018722012606973871223646633369492520960
21 101 -23017361896018722012606973871223646633369492520960
101 45 -13567591443164095984908845249200222101342203783675904
45 101 -13567591443164095984908845249200222101342203783675904
101 69 -1551318118919311053325484782260064637384147117015040
69 101 -1551318118919311053325484782260064637384147117015040
101 93 -12278626436805792107500410901105430608894310932480
93 101 -12278626436805792107500410901105430608894310932480
100 16 -1789473160810179754230932375708173320308006060032
16 100 -1789473160810179754230932375708173320308006060032
100 40 17119226430123935280533513954409397155804536866078720
40 100 17119226430123935280533513954409397155804536866078720
100 64 3211181681737232468493700541676872155753825660043264
64 100 3211181681737232468493700541676872155753825660043264
100 88 56958739460942039147375719742961907914141004656640
88 100 56958739460942039147375719742961907914141004656640
99 11 5661528173158170644663199861077745126621577216
11 99 5661528173158170644663199861077745126621577216
99 35 -15701286926037061449469698942434105780559679905071104
35 99 -15701286926037061449469698942434105780559679905071104
99 59 -9588912090667761762942814122570443294496474861142016
59 99 -9588912090667761762942814122570443294496474861142016
99 83 -263402315281475283113092756966440600654824001306624
83 99 -263402315281475283113092756966440600654824001306624
98 6 75660657674141300726403172077826861957120
6 98 75660657674141300726403172077826861957120
98 30 5070864581032199432168735756385028381522968556077056
30 98 5070864581032199432168735756385028381522968556077056
98 54 20564222964179182164457883325991623362712558572142592
54 98 20564222964179182164457883325991623362712558572142592
98 78 558365891738825222650093577109748495510259087704064
78 98 558365891738825222650093577109748495510259087704064
97 1 2032612718297669590581248
1 97 2032612718297669590581248
97 25 -891530004989126779028261543359459086832666578780160
25 97 -891530004989126779028261543359459086832666578780160
97 49 -32584971214117646013686961626438691783068316591980544
49 97 -32584971214117646013686961626438691783068316591980544
97 73 -1744547206567560105290604445788422821113113111166976
73 97 -1744547206567560105290604445788422821113113111166976
97 97 -11398037276965978842054519404416446036192965464064
96 20 -23227311330449388911823324710642649158603214159872
20 96 -23227311330449388911823324710642649158603214159872
96 44 52711821071699385698038531143665888568753349344624640
44 96 52711821071699385698038531143665888568753349344624640
96 68 5499649439299007073152386222126616748397054218207232
68 96 5499649439299007073152386222126616748397054218207232
96 92 59980990205012284849769593091242629966633898729472
92 96 59980990205012284849769593091242629966633898729472
95 15 1727684811091649914268957404647097762768769515520
15 95 1727684811091649914268957404647097762768769515520
95 39 -58338319996399864260003138994307544209580708998414336
39 95 -58338319996399864260003138994307544209580708998414336
95 63 -13458002795169821311358382894734609884837397036793856
63 95 -13458002795169821311358382894734609884837397036793856
95 87 -195086415610194398312825206097436778015449407488000
87 95 -195086415610194398312825206097436778015449407488000
94 10 -2360008758347689690353766219549226979291037696
10 94 -2360008758347689690353766219549226979291037696
94 34 45034498192766974347534701213053418952692894598692864
34 94 45034498192766974347534701213053418952692894598692864
94 58 33118814883994901609430380035412697154452297449734144
58 94 33118814883994901609430380035412697154452297449734144
94 82 402661489066404068122043139768446963395749515624448
82 94 402661489066404068122043139768446963395749515624448
93 5 -12920944124185419575020803808690217943040
5 93 -12920944124185419575020803808690217943040
93 29 -11050335700963374672074766485920169640279738916274176
29 93 -11050335700963374672074766485920169640279738916274176
93 53 -68563594097517864527334864652854654114768188327591936
53 93 -68563594097517864527334864652854654114768188327591936
93 77 -1979208064903703899205187796152595337442695160266752
77 93 -1979208064903703899205187796152595337442695160266752
92 24 1323215990844610342945568673828855762329854220959744
24 92 1323215990844610342945568673828855762329854220959744
92 48 111163419584325510782735271915113716677667047138656256
48 92 111163419584325510782735271915113716677667047138656256
92 72 6558790691968151816004794866770257210412445701505024
72 92 6558790691968151816004794866770257210412445701505024
91 19 58054211944349891935280316815394405063873523613696
19 91 58054211944349891935280316815394405063873523613696
91 43 -161355617544871996763682231672126172560070948763467776
43 91 -161355617544871996763682231672126172560070948763467776
91 67 -16867142878317275899125305924147940637041072923475968
67 91 -16867142878317275899125305924147940637041072923475968
91 91 -283955611078307859789327069189798225812626989776896
90 14 -608592048032144154565441563183666674692926734336
14 90 -608592048032144154565441563183666674692926734336
90 38 170777406190706752494715792352428287284747188870053888
38 90 170777406190706752494715792352428287284747188870053888
90 62 48148898602094818656192522734278439567812944164028416
62 90 48148898602094818656192522734278439567812944164028416
90 86 363180654226765789133301322008989499307733163180032
86 90 363180654226765789133301322008989499307733163180032
89 9 636469396763784207809541989303354328134713344
9 89 636469396763784207809541989303354328134713344
89 33 -96945232223666331615405557678067975955262100777992192
33 89 -96945232223666331615405557678067975955262100777992192
89 57 -106225520049123801795967092326504969859927120489218048
57 89 -106225520049123801795967092326504969859927120489218048
89 81 -1835036792457181262551014189529533689415717751881728
81 89 -1835036792457181262551014189529533689415717751881728
88 4 -744101088643394521091320298478512373760
4 88 -744101088643394521091320298478512373760
88 28 20197435346261274777023881625073130297484494327775232
28 88 20197435346261274777023881625073130297484494327775232
88 52 198751269206093615452448613291889500658515094989176832
52 88 198751269206093615452448613291889500658515094989176832
88 76 7921808431377505967626667396981153071443404941950976
76 88 7921808431377505967626667396981153071443404941950976
87 23 -1286154413474311873362476804997156791929385097625600
23 87 -1286154413474311873362476804997156791929385097625600
87 47 -324805162827668511256018890708035120250904583923040256
47 87 -324805162827668511256018890708035120250904583923040256
87 71 -22249395745508246927328665549592089235571079202734080
71 87 -22249395745508246927328665549592089235571079202734080
86 18 -39426054294184435722987563578430269082287298576384
18 86 -39426054294184435722987563578430269082287298576384
86 42 434658095447676955159941531772121039013076737846149120
42 86 434658095447676955159941531772121039013076737846149120
86 66 54440337296921742393618866210952333137221765530910720
66 86 54440337296921742393618866210952333137221765530910720
85 13 -202324256648856430905877336885081898712402231296
13 85 -202324256648856430905877336885081898712402231296
85 37 -394106185692931056708388582458745138231290003630063616
37 85 -394106185692931056708388582458745138231290003630063616
85 61 -146836599606178555822539042702962126158925380886462464
61 85 -146836599606178555822539042702962126158925380886462464
85 85 -1587483965422276721859820123907196129998708037124096
84 8 -129667489215688937578151814903971828918648832
8 84 -129667489215688937578151814903971828918648832
84 32 170189576343651892572131369227689689626895313696456704
32 84 170189576343651892572131369227689689626895313696456704
84 56 308569084738349800601591513033329399138845918563926016
56 84 308569084738349800601591513033329399138845918563926016
84 80 8264896767389505622282772621459732907231924608565248
80 84 8264896767389505622282772621459732907231924608565248
83 3 -16877737052009333924519746633449078784
3 83 -16877737052009333924519746633449078784
83 27 -29950010374779990797629725421268355558125716295909376
27 83 -29950010374779990797629725421268355558125716295909376
83 51 -520520755310465169871355862616635871208863387388739584
51 83 -520520755310465169871355862616635871208863387388739584
83 75 -21678184588828176853541771146413699748828700582346752
75 83 -21678184588828176853541771146413699748828700582346752
82 22 760172086249135592731308386482370841464229964283904
22 82 760172086249135592731308386482370841464229964283904
82 46 826205012018946576346386031296726539336576720460316672
46 82 826205012018946576346386031296726539336576720460316672
82 70 63287682877071880086869274971378278483154596872060928
70 82 63287682877071880086869274971378278483154596872060928
81 17 -6623164505407596806933261116607091138935646060544
17 81 -6623164505407596806933261116607091138935646060544
81 41 -1001043054840955396119746714167321949660339748772773888
41 81 -1001043054840955396119746714167321949660339748772773888
81 65 -174615508766371835824566313830884470377149491161595904
65 81 -174615508766371835824566313830884470377149491161595904
80 12 297703890979964093524775462825535010208737132544
12 80 297703890979964093524775462825535010208737132544
80 36 714311151882369634612617498411917212948064732471885824
36 80 714311151882369634612617498411917212948064732471885824
80 60 406492996523604649170537238990084076691203881829400576
60 80 406492996523604649170537238990084076691203881829400576
79 7 -6887542269881728248369691329868251485175808
7 79 -6887542269881728248369691329868251485175808
79 31 -260936935815007512275459169830271246672813166350565376
31 79 -260936935815007512275459169830271246672813166350565376
79 55 -751300944937871310785214621116803659312196532263976960
55 79 -751300944937871310785214621116803659312196532263976960
79 79 -25656384814985146779333321752264500048312497499799552
78 2 2891687776477829047140907149688832
2 78 2891687776477829047140907149688832
78 26 33811194641424631117657056186881007115227690317119488
26 78 33811194641424631117657056186881007115227690317119488
78 50 1266249753568539753577836913625827087309069744120791040
50 78 1266249753568539753577836913625827087309069744120791040
78 74 63169395004913032992705180494038982380671432069742592
74 78 63169395004913032992705180494038982380671432069742592
77 21 -160469004653335655346002173717768645067156255408128
21 77 -160469004653335655346002173717768645067156255408128
77 45 -1844471937036886362536799184520381517135339500827836416
45 77 -1844471937036886362536799184520381517135339500827836416
77 69 -186563439375665012786249227200827812219026337446232064
69 77 -186563439375665012786249227200827812219026337446232064
76 16 21703808887046639144117009508405178724342581690368
16 76 21703808887046639144117009508405178724342581690368
76 40 1852470872287324913507705296057993059554527447531651072
40 76 1852470872287324913507705296057993059554527447531651072
76 64 490060454148027144474508494022512854093185825892204544
64 76 490060454148027144474508494022512854093185825892204544
75 11 -115765029860858863555865318963934471621280006144
11 75 -115765029860858863555865318963934471621280006144
75 35 -1074105281438049202332364545110820858761628559777726464
35 75 -1074105281438049202332364545110820858761628559777726464
75 59 -964790751555590877286657196808998018494982732946341888
59 75 -964790751555590877286657196808998018494982732946341888
74 6 6298795998077589807701336167433665601601536
6 74 6298795998077589807701336167433665601601536
74 30 352747224259955888468012075956935152983840961442349056
30 74 352747224259955888468012075956935152983840961442349056
74 54 1674015613430047550576042138216288452614440145620303872
54 74 1674015613430047550576042138216288452614440145620303872
73 1 -409902001008895563254464512
1 73 -409902001008895563254464512
73 25 -25651206685001762307399792451047585622965534951735296
25 73 -25651206685001762307399792451047585622965534951735296
73 49 -2778508086739573154508883148636484629014159476194803712
49 73 -2778508086739573154508883148636484629014159476194803712
73 73 -193387924672957798512360194171484274171011809094402048
72 20 -77782271175785150415068109922604507147506385158144
20 72 -77782271175785150415068109922604507147506385158144
72 44 3417857019624585921294033307438039468385720855873716224
44 72 3417857019624585921294033307438039468385720855873716224
72 68 522900382097480927903895989730407971998946832645357568
68 72 522900382097480927903895989730407971998946832645357568
71 15 -1859739060027486351216172109297000852591120220160
15 71 -1859739060027486351216172109297000852591120220160
71 39 -2762504969299822700409466255892611721490547081115336704
39 71 -2762504969299822700409466255892611721490547081115336704
71 63 -1093958929198461580584320929352667936435327395327639552
63 71 -1093958929198461580584320929352667936435327395327639552
70 10 236004444592994226591839703050593352017772544
10 70 236004444592994226591839703050593352017772544
70 34 1416347683574173720277697114612012664950197334294134784
34 70 1416347683574173720277697114612012664950197334294134784
70 58 2037688593406109046658015946340177215229154538104553472
58 70 2037688593406109046658015946340177215229154538104553472
69 5 387597062500887684723836926980431873572864
5 69 387597062500887684723836926980431873572864
69 29 -401929294941217828797549833390245156819831296740032512
29 69 -401929294941217828797549833390245156819831296740032512
69 53 -3550143783695015084177764259708644328978949613025230848
53 69 -3550143783695015084177764259708644328978949613025230848
68 24 7891900817272737074159568026882228420011857197137920
24 68 7891900817272737074159568026882228420011857197137920
68 48 5082467251753295004925419168288349796850978074814054400
48 68 5082467251753295004925419168288349796850978074814054400
67 19 -90562008147960834710724447543048624789440843218944
19 67 -90562008147960834710724447543048624789440843218944
67 43 -5096694873199023594913899534274511331053534620638248960
43 67 -5096694873199023594913899534274511331053534620638248960
67 67 -1161879767704540869071233898572106987483483333149589504
66 14 -11855016551004631082063628089779726054998769926144
14 66 -11855016551004631082063628089779726054998769926144
66 38 3486104685557018515806105631684403723295362180196597760
38 66 3486104685557018515806105631684403723295362180196597760
66 62 2206857540066869877422001877266739122202743253684453376
62 66 2206857540066869877422001877266739122202743253684453376
65 9 11007870098739777262265296460916631071893749760
9 65 11007870098739777262265296460916631071893749760
65 33 -1638481702768376530484652895980878931542849533497049088
33 65 -1638481702768376530484652895980878931542849533497049088
65 57 -4098348850497975760641168686851639069133419986372526080
57 65 -4098348850497975760641168686851639069133419986372526080
64 4 25369244018429305929001147889267593183232
4 64 25369244018429305929001147889267593183232
64 28 367921229361994647622547274627912775840371867260026880
28 64 367921229361994647622547274627912775840371867260026880
64 52 6416946432907608537449042387996623824785111856216801280
52 64 6416946432907608537449042387996623824785111856216801280
63 23 8148031714305822739697304619368664850303090079825920
23 63 8148031714305822739697304619368664850303090079825920
63 47 -7434261654433423771835792766565756127568531984975134720
47 63 -7434261654433423771835792766565756127568531984975134720
62 18 324669434689871398240857213985164259042601184788480
18 62 324669434689871398240857213985164259042601184788480
62 42 6255379963126411881299706850736124762993670148392484864
42 62 6255379963126411881299706850736124762993670148392484864
61 13 5946531696715749346260953253352536888677484199936
13 61 5946531696715749346260953253352536888677484199936
61 37 -3859216120617975982994376948070026868429790834711330816
37 61 -3859216120617975982994376948070026868429790834711330816
61 61 -4287927787049014399018023561350264207142583172354539520
60 8 -180013690519375948780772307625181484714819584
8 60 -180013690519375948780772307625181484714819584
60 32 1587963088522651229306191648531221223417900275165298688
32 60 1587963088522651229306191648531221223417900275165298688
60 56 7147161427810153306371601563495302484967070436211818496
56 60 7147161427810153306371601563495302484967070436211818496
59 3 469499133961788850040131116044036079616
3 59 469499133961788850040131116044036079616
59 27 -265860277329539752384322607742533256360046150023118848
27 59 -265860277329539752384322607742533256360046150023118848
59 51 -9157910546024340473084041143711603046153034737955897344
51 59 -9157910546024340473084041143711603046153034737955897344
58 22 -13448513596444816429037884570743927475564226166128640
22 58 -13448513596444816429037884570743927475564226166128640
58 46 8821009989909678558991961229323570060228827152325279744
46 58 8821009989909678558991961229323570060228827152325279744
57 17 -306800845808270142279783117056747327310188806930432
17 57 -306800845808270142279783117056747327310188806930432
57 41 -6534952175520425708889267137632018777681285746694029312
41 57 -6534952175520425708889267137632018777681285746694029312
56 12 824566723323168547764148271359723240801750220800
12 56 824566723323168547764148271359723240801750220800
56 36 3680859456129359674492972004182359883537100105844785152
36 56 3680859456129359674492972004182359883537100105844785152
55 7 -625897586604978298531385546340053475890561024
7 55 -625897586604978298531385546340053475890561024
55 31 -1234001496429186333969116498921899021149973609097199616
31 55 -1234001496429186333969116498921899021149973609097199616
55 55 -9763674238731886314565199490437677729954698391317381120
54 2 118039630879574843555435496356184064
2 54 118039630879574843555435496356184064
54 26 154938329852566380376757564581016509249171125356724224
26 54 154938329852566380376757564581016509249171125356724224
54 50 10366011872305481512287788642265926190461173049778503680
50 54 10366011872305481512287788642265926190461173049778503680
53 21 9640760871915691097432931682175519913746045129981952
21 53 9640760871915691097432931682175519913746045129981952
53 45 -8770635279930028123808281419626444814026357973652078592
45 53 -8770635279930028123808281419626444814026357973652078592
52 16 115590582029424573100426694550248279976797718708224
16 52 115590582029424573100426694550248279976797718708224
52 40 5832211032522565601059057308708418695476824316047261696
40 52 5832211032522565601059057308708418695476824316047261696
51 11 -774733468095990407910619668997422667557435867136
11 51 -774733468095990407910619668997422667557435867136
51 35 -2877326456453754787650944542555617491201339310078951424
35 51 -2877326456453754787650944542555617491201339310078951424
50 6 -74171860186798017779831477778441139765903360
6 50 -74171860186798017779831477778441139765903360
50 30 751734454493650832910092496235150883759953325382959104
30 50 751734454493650832910092496235150883759953325382959104
49 1 41833669061944627961532514304
1 49 41833669061944627961532514304
49 25 -77116591525367241189164078411764231912578486479355904
25 49 -77116591525367241189164078411764231912578486479355904
49 49 -9584527118869819970623674340143513966175500471254384640
48 20 -4007336463765812418598313148348933498738088131690496
20 48 -4007336463765812418598313148348933498738088131690496
48 44 7289437642614304799316362894454633145702142999466606592
44 48 7289437642614304799316362894454633145702142999466606592
47 15 6615966143523399136686752329801506407703329636352
15 47 6615966143523399136686752329801506407703329636352
47 39 -4278146596546127796356355213086062344465859964060041216
39 47 -4278146596546127796356355213086062344465859964060041216
46 10 -105138800767284831920406748175998618092557041664
10 46 -105138800767284831920406748175998618092557041664
46 34 1761786201669326948050575950952172171293142994988826624
34 46 1761786201669326948050575950952172171293142994988826624
45 5 -437746135484360042651893918969869876854784
5 45 -437746135484360042651893918969869876854784
45 29 -354939176959709772786246183221503179002462211128950784
29 45 -354939176959709772786246183221503179002462211128950784
44 24 33976517210128422995471060878343198323636235178868736
24 44 33976517210128422995471060878343198323636235178868736
43 19 828533659253749673398788451765003493618823995588608
19 43 828533659253749673398788451765003493618823995588608
43 43 -4876744127817351676869851261681731154304119745269465088
42 14 -12813442360931848389642861472074352404504451743744
14 42 -12813442360931848389642861472074352404504451743744
42 38 2436899124933758051777271894187736720032255335922139136
38 42 2436899124933758051777271894187736720032255335922139136
41 9 45187715090061684734766871289229145823839780864
9 41 45187715090061684734766871289229145823839780864
41 33 -810739815549992196656333054812844484140893433038372864
33 41 -810739815549992196656333054812844484140893433038372864
40 4 234075614591735981256577451680782396424192
4 40 234075614591735981256577451680782396424192
40 28 126719192060034117709124335043824944482089169082908672
28 40 126719192060034117709124335043824944482089169082908672
39 23 -12523840830091302202843427549639139197815024294821888
23 39 -12523840830091302202843427549639139197815024294821888
38 18 62412979814963946699486177094025575999092299923456
18 38 62412979814963946699486177094025575999092299923456
37 13 -45824975836346938682475509454664547281152245760
13 37 -45824975836346938682475509454664547281152245760
37 37 -1008635710912154818004669872948732886317690219978031104
36 8 13796459977041633533606342386032427972866080768
8 36 13796459977041633533606342386032427972866080768
36 32 264479595811358387190603900779230498561112828685582336
32 36 264479595811358387190603900779230498561112828685582336
35 3 -1328060348603637089746994820703577964544
3 35 -1328060348603637089746994820703577964544
35 27 -31126823153952664953427288369309435189861915687911424
27 35 -31126823153952664953427288369309435189861915687911424
34 22 3132957938434716256463336915888074539660118239215616
22 34 3132957938434716256463336915888074539660118239215616
33 17 -62028869323695870557747578994396587525098858086400
17 33 -62028869323695870557747578994396587525098858086400
32 12 612721681989812904581089333098012268100906385408
12 32 612721681989812904581089333098012268100906385408
31 7 1503358271293810458632562300148375692882477056
7 31 1503358271293810458632562300148375692882477056
31 31 -50379857362345859762224133552949981453655308987531264
30 2 707500806376168393656863021229670400
2 30 707500806376168393656863021229670400
30 26 3182511529924897065313175235532475971378589103816704
26 30 3182511529924897065313175235532475971378589103816704
29 21 -298580892427857261053419696408424940305201357651968
21 29 -298580892427857261053419696408424940305201357651968
28 16 3058336456637827904476851062831993204702414110720
16 28 3058336456637827904476851062831993204702414110720
27 11 53775647612600037292754610080686516330660102144
11 27 53775647612600037292754610080686516330660102144
26 6 72980186889016133841742584446659412189249536
6 26 72980186889016133841742584446659412189249536
25 1 -2089642786313721904029721690112
1 25 -2089642786313721904029721690112
25 25 329366268171076042471511113217354987280635843837952
24 20 -18825764044150542443410743026157051107049121775616
20 24 -18825764044150542443410743026157051107049121775616
23 15 871417337878237822909559924417012378555134246912
15 23 871417337878237822909559924417012378555134246912
22 10 -2982013766340663722323910723097900879081111552
10 22 -2982013766340663722323910723097900879081111552
21 5 1410183392363509822421868774302959034957824
5 21 1410183392363509822421868774302959034957824
19 19 -538603557507959009438311606523421397513291169792
18 14 47012263035070303253393945750098454212243357696
14 18 47012263035070303253393945750098454212243357696
17 9 -380755421188910557692342160588000867647488000
9 17 -380755421188910557692342160588000867647488000
16 4 11324777304288631874960771337365955280896
4 16 11324777304288631874960771337365955280896
13 13 2186831160750165639745424932142540558541258752
12 8 3470356072379544324131313792442279101726720
8 12 3470356072379544324131313792442279101726720
11 3 41121227817610917350864049013264482304
3 11 41121227817610917350864049013264482304
7 7 -3101284262926655702320040718088101953536
6 2 67403517715335413736382702836252672
2 6 67403517715335413736382702836252672
1 1 40564819207303340847894502572032
