# Weber-f modular polynomial Phi_41^f(X,Y); r=q^(1/48).
42 0 1
0 42 1
41 17 41
17 41 41
41 41 -1
40 10 943
10 40 943
40 34 123
34 40 123
39 3 574
3 39 574
39 27 -4059
27 39 -4059
38 20 40713
20 38 40713
37 13 -155554
13 37 -155554
37 37 574
36 6 72939
6 36 72939
36 30 3772
30 36 3772
35 23 -160310
23 35 -160310
34 16 733531
16 34 733531
33 9 701100
9 33 701100
33 33 -2050
32 2 15088
2 32 15088
32 26 339111
26 32 339111
31 19 -1753160
19 31 -1753160
30 12 -6494359
12 30 -6494359
29 5 -2488864
5 29 -2488864
29 29 -462726
28 22 3112310
22 28 3112310
27 15 20156994
15 27 20156994
26 8 11736496
8 26 11736496
25 1 10496
1 25 10496
25 25 -3571756
24 18 -36004437
18 24 -36004437
23 11 -28050560
11 23 -28050560
22 4 10422528
4 22 10422528
21 21 45567400
20 14 49796960
14 20 49796960
19 7 -41039360
7 19 -41039360
17 17 -57148096
16 10 86812416
10 16 86812416
15 3 -16625664
3 15 -16625664
13 13 -118457856
12 6 15450112
6 12 15450112
9 9 -8396800
8 2 8060928
2 8 8060928
5 5 37617664
1 1 -1048576
